[132 134 133],[127 129 128],[143 145 144],[176 178 177],[209 211 210],[207 209 208],[205 207 206],[204 206 205],[201 203 202],[200 202 201],[198 200 199],[196 198 197],[195 197 196],[194 196 195],[194 196 195],[194 196 195],[195 197 196],[196 198 197],[197 199 198],[198 200 199],[199 201 200],[200 202 201],[200 202 201],[195 197 196],[189 191 190],[189 191 190],[195 197 196],[201 203 202],[209 211 210],[216 218 217],[224 226 225],[231 233 232],[238 240 239],[241 242 242],[241 243 242],[243 244 244],[242 244 243],[243 245 244],[239 241 240],[236 238 237],[232 234 233],[229 231 230],[226 228 227],[227 230 229],[231 234 234],[234 238 239],[235 239 240],[236 240 241],[238 242 243],[239 243 244],[241 245 246],[242 246 247],[243 247 247],[244 247 247],[243 247 247],[243 247 247],[243 246 246],[242 246 246],[241 245 245],[238 242 243],[237 241 242],[236 240 241],[235 239 240],[230 234 235],[215 219 220],[199 203 204],[184 188 189],[171 175 176],[157 161 162],[144 148 149],[133 137 138],[130 134 135],[134 138 139],[139 143 144],[159 163 164],[177 181 182],[196 200 201],[215 219 220]
[152 154 153],[149 151 150],[164 166 165],[194 196 195],[224 226 225],[224 226 225],[223 225 224],[223 225 224],[222 224 223],[222 224 223],[221 223 222],[220 222 221],[220 221 221],[219 221 220],[219 221 220],[219 221 220],[219 221 220],[218 220 219],[218 220 219],[218 220 219],[217 219 218],[216 218 217],[215 217 216],[213 215 214],[209 211 210],[211 212 212],[215 217 216],[220 222 221],[227 229 228],[233 235 234],[240 242 241],[246 248 247],[252 253 253],[253 254 254],[253 255 254],[254 255 255],[253 255 254],[253 255 254],[250 252 251],[247 248 248],[243 244 244],[240 242 241],[237 239 238],[238 241 240],[242 245 245],[245 249 250],[246 250 251],[247 251 252],[248 252 253],[249 253 253],[250 254 255],[251 254 255],[252 255 255],[252 255 255],[252 255 255],[252 255 255],[251 255 255],[251 255 255],[250 254 255],[249 253 254],[248 252 253],[247 251 252],[247 251 252],[242 246 247],[224 228 229],[206 210 211],[190 194 195],[175 179 180],[160 164 165],[146 150 151],[133 137 138],[131 135 136],[136 140 141],[141 145 146],[163 167 168],[183 187 188],[204 208 209],[224 228 229]
[196 198 197],[196 198 197],[204 206 205],[218 220 219],[233 235 234],[234 236 235],[235 237 236],[236 238 237],[237 238 238],[237 239 238],[237 238 238],[236 238 237],[236 237 237],[236 237 237],[236 237 237],[236 237 237],[235 237 236],[234 236 235],[232 234 233],[230 232 231],[228 230 229],[226 228 227],[225 227 226],[227 229 228],[229 231 230],[231 233 232],[234 235 235],[236 238 237],[240 241 241],[243 245 244],[247 248 248],[250 251 251],[253 254 254],[254 255 255],[254 255 255],[254 255 255],[254 255 255],[254 255 255],[252 253 253],[250 252 251],[248 249 249],[247 248 248],[245 246 246],[245 248 247],[247 250 250],[249 252 252],[249 252 253],[249 253 253],[250 253 254],[250 254 254],[251 255 255],[252 255 255],[252 255 255],[252 255 255],[251 254 255],[251 254 255],[250 254 254],[250 254 254],[249 253 254],[248 252 253],[247 251 252],[247 251 252],[246 250 251],[241 245 246],[222 226 227],[202 206 207],[185 189 190],[170 174 175],[155 159 160],[142 146 147],[130 134 135],[129 133 134],[135 139 140],[142 146 147],[164 168 169],[186 190 191],[207 211 212],[226 230 231]
[241 243 242],[243 245 244],[243 245 244],[243 245 244],[241 243 242],[244 246 245],[247 249 248],[249 251 250],[251 252 252],[253 254 254],[252 254 253],[252 253 253],[252 253 253],[252 253 253],[252 253 253],[252 253 253],[251 253 252],[250 252 251],[247 249 248],[242 244 243],[239 241 240],[236 238 237],[235 237 236],[242 244 243],[249 250 250],[252 253 253],[252 253 253],[252 253 253],[253 254 254],[253 254 254],[253 254 254],[254 255 255],[254 255 255],[254 255 255],[254 255 255],[254 255 255],[254 255 255],[254 255 255],[254 255 255],[254 255 255],[253 255 254],[253 254 254],[253 254 254],[252 254 254],[253 255 255],[252 255 255],[252 255 255],[252 255 255],[252 255 255],[252 255 255],[252 255 255],[252 255 255],[252 255 255],[252 255 255],[251 254 255],[250 254 255],[249 253 254],[249 253 254],[248 252 253],[247 251 252],[247 251 252],[247 251 252],[246 250 251],[241 245 246],[219 223 224],[197 201 202],[179 183 184],[164 168 169],[149 153 154],[137 141 142],[126 130 131],[126 130 131],[134 138 139],[143 147 148],[166 170 171],[189 193 194],[210 214 215],[228 232 233]
[246 247 247],[246 248 247],[245 247 246],[246 248 247],[246 248 247],[247 249 248],[249 251 250],[251 253 252],[252 253 253],[253 255 254],[253 255 254],[253 255 254],[253 255 254],[253 255 254],[253 255 254],[253 255 254],[253 255 254],[252 254 253],[249 251 250],[246 248 247],[244 246 245],[242 244 243],[242 244 243],[246 248 247],[251 253 252],[253 255 254],[253 255 254],[253 255 254],[253 255 254],[253 255 254],[253 255 254],[253 255 254],[253 255 254],[253 255 254],[253 255 254],[253 255 254],[253 255 254],[253 255 254],[253 255 254],[253 255 254],[253 255 254],[253 255 254],[253 255 254],[252 255 255],[252 255 255],[251 255 255],[251 255 255],[251 255 255],[251 255 255],[251 255 255],[251 255 255],[251 255 255],[251 255 255],[251 255 255],[251 254 255],[250 254 255],[249 253 254],[249 253 254],[249 253 254],[248 252 253],[248 252 253],[248 252 253],[247 251 252],[242 246 247],[217 221 222],[192 196 197],[172 176 177],[156 160 161],[140 144 145],[131 135 136],[122 126 127],[121 125 126],[126 130 131],[131 135 136],[164 168 169],[198 202 203],[222 226 227],[232 236 237]
[246 248 247],[243 245 244],[243 245 244],[246 248 247],[249 251 250],[250 252 251],[251 253 252],[251 253 252],[252 254 253],[253 254 254],[253 254 254],[253 254 254],[253 254 254],[253 254 254],[253 254 254],[253 254 254],[252 254 253],[252 254 253],[251 253 252],[250 252 251],[249 251 250],[248 250 249],[248 250 249],[250 252 251],[252 253 253],[253 254 254],[253 254 254],[253 254 254],[253 254 254],[253 254 254],[253 254 254],[253 254 254],[253 254 254],[253 254 254],[253 254 254],[253 254 254],[253 254 254],[253 254 254],[253 254 254],[253 254 254],[253 254 254],[253 254 254],[253 254 254],[252 254 254],[252 254 254],[251 254 255],[251 254 255],[251 254 255],[251 254 255],[251 254 255],[251 254 255],[251 254 255],[251 254 255],[251 254 255],[250 254 255],[250 254 255],[250 254 255],[250 254 255],[249 253 254],[249 253 254],[249 253 254],[249 253 254],[249 253 254],[242 246 247],[214 218 219],[186 190 191],[164 168 169],[147 151 152],[130 134 135],[124 128 129],[117 121 122],[115 119 120],[116 120 121],[117 121 122],[162 166 167],[208 212 213],[235 239 240],[236 240 241]
[247 248 248],[242 244 243],[242 244 243],[247 249 248],[252 254 253],[252 254 253],[252 254 253],[252 254 253],[252 254 253],[252 254 253],[252 254 253],[252 254 253],[252 254 253],[252 254 253],[252 254 253],[252 254 253],[252 254 253],[252 254 253],[252 254 253],[252 254 253],[252 254 253],[252 254 253],[252 254 253],[252 254 253],[252 254 253],[252 254 253],[252 254 253],[252 254 253],[252 254 253],[252 254 253],[252 254 253],[252 254 253],[252 254 253],[252 254 253],[252 254 253],[252 254 253],[252 254 253],[252 254 253],[252 254 253],[252 254 253],[252 254 253],[252 254 253],[252 254 253],[251 254 254],[251 254 254],[250 254 255],[250 254 255],[250 254 255],[250 254 255],[250 254 255],[250 254 255],[250 254 255],[250 254 255],[250 254 255],[250 254 255],[250 254 255],[250 254 255],[250 254 255],[250 254 255],[250 254 255],[250 254 255],[250 254 255],[250 254 255],[243 247 248],[213 217 218],[184 188 189],[161 165 166],[143 147 148],[125 129 130],[120 124 125],[115 119 120],[112 116 117],[111 115 116],[109 113 114],[162 166 167],[216 220 221],[244 248 249],[240 244 245]
[249 250 250],[244 246 245],[244 246 245],[248 250 249],[252 254 253],[252 254 253],[252 254 253],[252 254 253],[252 254 253],[252 254 253],[252 254 253],[252 254 253],[252 254 253],[252 254 253],[252 254 253],[252 254 253],[252 254 253],[252 254 253],[252 254 253],[252 254 253],[252 254 253],[252 254 253],[252 254 253],[252 254 253],[252 254 253],[252 254 253],[252 254 253],[252 254 253],[252 254 253],[252 254 253],[252 254 253],[252 254 253],[252 254 253],[252 254 253],[252 254 253],[252 254 253],[252 254 253],[252 254 253],[252 254 253],[252 254 253],[252 254 253],[252 254 253],[252 254 253],[251 254 254],[251 254 254],[250 254 255],[250 254 255],[250 254 255],[250 254 255],[250 254 255],[250 254 255],[250 254 255],[250 254 255],[250 254 255],[250 254 255],[250 254 255],[250 254 255],[250 254 255],[250 254 255],[250 254 255],[250 254 255],[250 254 255],[250 254 255],[244 248 249],[216 220 221],[188 192 193],[166 170 171],[147 151 152],[130 134 135],[125 129 130],[119 123 124],[116 120 121],[114 118 119],[111 115 116],[164 168 169],[217 221 222],[245 249 250],[242 246 247]
[250 251 251],[246 248 247],[246 248 247],[249 251 250],[252 254 253],[252 254 253],[252 254 253],[252 254 253],[252 254 253],[252 254 253],[252 254 253],[252 254 253],[252 254 253],[252 254 253],[252 254 253],[252 254 253],[252 254 253],[252 254 253],[252 254 253],[252 254 253],[252 254 253],[252 254 253],[252 254 253],[252 254 253],[252 254 253],[252 254 253],[252 254 253],[252 254 253],[252 254 253],[252 254 253],[252 254 253],[252 254 253],[252 254 253],[252 254 253],[252 254 253],[252 254 253],[252 254 253],[252 254 253],[252 254 253],[252 254 253],[252 254 253],[252 254 253],[252 254 253],[251 254 254],[251 254 254],[250 254 255],[250 254 255],[250 254 255],[250 254 255],[250 254 255],[250 254 255],[250 254 255],[250 254 255],[250 254 255],[250 254 255],[250 254 255],[250 254 255],[250 254 255],[250 254 255],[250 254 255],[250 254 255],[250 254 255],[250 254 255],[245 249 250],[218 222 223],[193 197 198],[171 175 176],[152 156 157],[134 138 139],[129 133 134],[123 127 128],[119 123 124],[116 120 121],[113 117 118],[166 170 171],[219 223 224],[247 251 252],[244 248 249]
[249 251 250],[247 249 248],[248 250 249],[250 252 251],[252 254 253],[252 254 253],[252 254 253],[252 254 253],[252 254 253],[252 254 253],[252 254 253],[252 254 253],[252 254 253],[252 254 253],[252 254 253],[252 254 253],[252 254 253],[252 254 253],[252 254 253],[252 254 253],[252 254 253],[252 254 253],[252 254 253],[252 254 253],[252 254 253],[252 254 253],[252 254 253],[252 254 253],[252 254 253],[252 254 253],[252 254 253],[252 254 253],[252 254 253],[252 254 253],[252 254 253],[252 254 253],[252 254 253],[252 254 253],[252 254 253],[252 254 253],[252 254 253],[252 254 253],[252 254 253],[251 254 254],[251 254 254],[250 254 255],[250 254 255],[250 254 255],[250 254 255],[250 254 255],[250 254 255],[250 254 255],[250 254 255],[250 254 255],[250 254 255],[250 254 255],[250 254 255],[250 254 255],[250 254 255],[250 254 255],[250 254 255],[250 254 255],[250 254 255],[245 249 250],[221 225 226],[198 202 203],[177 181 182],[158 162 163],[139 143 144],[133 137 138],[127 131 132],[122 126 127],[119 123 124],[115 119 120],[167 171 172],[220 224 225],[248 252 253],[245 249 250]
[249 250 250],[249 251 250],[249 251 250],[251 253 252],[252 254 253],[252 254 253],[252 254 253],[252 254 253],[252 254 253],[252 254 253],[252 254 253],[252 254 253],[252 254 253],[252 254 253],[252 254 253],[252 254 253],[252 254 253],[252 254 253],[252 254 253],[252 254 253],[252 254 253],[252 254 253],[252 254 253],[252 254 253],[252 254 253],[252 254 253],[252 254 253],[252 254 253],[252 254 253],[252 254 253],[252 254 253],[252 254 253],[252 254 253],[252 254 253],[252 254 253],[252 254 253],[252 254 253],[252 254 253],[252 254 253],[252 254 253],[252 254 253],[252 254 253],[252 254 253],[251 254 254],[251 254 254],[250 254 255],[250 254 255],[250 254 255],[250 254 255],[250 254 255],[250 254 255],[250 254 255],[250 254 255],[250 254 255],[250 254 255],[250 254 255],[250 254 255],[250 254 255],[250 254 255],[250 254 255],[250 254 255],[250 254 255],[250 254 255],[246 250 251],[225 229 230],[204 208 209],[183 187 188],[163 167 168],[145 149 150],[138 142 143],[130 134 135],[125 129 130],[120 124 125],[117 121 122],[169 172 173],[221 225 225],[249 253 253],[246 250 250]
[248 250 249],[250 252 251],[251 253 252],[252 254 253],[252 254 253],[252 254 253],[252 254 253],[252 254 253],[252 254 253],[252 254 253],[252 254 253],[252 254 253],[252 254 253],[252 254 253],[252 254 253],[252 254 253],[252 254 253],[252 254 253],[252 254 253],[252 254 253],[252 254 253],[252 254 253],[252 254 253],[252 254 253],[252 254 253],[252 254 253],[252 254 253],[252 254 253],[252 254 253],[252 254 253],[252 254 253],[252 254 253],[252 254 253],[252 254 253],[252 254 253],[252 254 253],[252 254 253],[252 254 253],[252 254 253],[252 254 253],[252 254 253],[252 254 253],[252 254 253],[251 254 254],[251 254 254],[250 254 255],[250 254 255],[250 254 255],[250 254 255],[250 254 255],[250 254 255],[250 254 255],[250 254 255],[250 254 255],[250 254 255],[250 254 255],[250 254 255],[250 254 255],[250 254 255],[250 254 255],[250 254 255],[250 254 255],[250 254 255],[246 250 251],[227 231 232],[208 212 213],[188 192 193],[168 172 173],[149 153 154],[141 145 146],[133 137 138],[127 131 132],[122 126 127],[118 122 123],[170 173 174],[222 226 226],[250 254 254],[247 251 251]
[249 251 250],[251 253 252],[252 254 253],[252 254 253],[252 254 253],[252 254 253],[252 254 253],[252 254 253],[252 254 253],[252 254 253],[252 254 253],[252 254 253],[252 254 253],[252 254 253],[252 254 253],[252 254 253],[252 254 253],[252 254 253],[252 254 253],[252 254 253],[252 254 253],[252 254 253],[252 254 253],[252 254 253],[252 254 253],[252 254 253],[252 254 253],[252 254 253],[252 254 253],[252 254 253],[252 254 253],[252 254 253],[252 254 253],[252 254 253],[252 254 253],[252 254 253],[252 254 253],[252 254 253],[252 254 253],[252 254 253],[252 254 253],[252 254 253],[252 254 253],[251 254 254],[251 254 254],[250 254 255],[250 254 255],[250 254 255],[250 254 255],[250 254 255],[250 254 255],[250 254 255],[250 254 255],[250 254 255],[250 254 255],[250 254 255],[250 254 255],[250 254 255],[250 254 255],[250 254 255],[250 254 255],[250 254 255],[250 254 255],[246 250 251],[228 232 233],[210 214 215],[190 194 195],[170 174 175],[151 155 156],[142 146 147],[134 138 139],[127 131 132],[122 126 127],[118 122 123],[170 173 174],[222 226 226],[249 253 254],[246 250 251]
[251 253 252],[252 254 253],[253 255 254],[252 254 253],[252 254 253],[252 254 253],[252 254 253],[252 254 253],[252 254 253],[252 254 253],[252 254 253],[252 254 253],[252 254 253],[252 254 253],[252 254 253],[252 254 253],[252 254 253],[252 254 253],[252 254 253],[252 254 253],[252 254 253],[252 254 253],[252 254 253],[252 254 253],[252 254 253],[252 254 253],[252 254 253],[252 254 253],[252 254 253],[252 254 253],[252 254 253],[252 254 253],[252 254 253],[252 254 253],[252 254 253],[252 254 253],[252 254 253],[252 254 253],[252 254 253],[252 254 253],[252 254 253],[252 254 253],[252 254 253],[251 254 254],[251 254 254],[250 254 255],[250 254 255],[250 254 255],[250 254 255],[250 254 255],[250 254 255],[250 254 255],[250 254 255],[250 254 255],[250 254 255],[250 254 255],[250 254 255],[250 254 255],[250 254 255],[250 254 255],[250 254 255],[250 254 255],[250 254 255],[246 250 251],[230 234 235],[212 216 217],[192 196 197],[172 176 177],[152 156 157],[144 148 149],[135 139 140],[128 132 133],[123 127 128],[118 122 123],[169 173 174],[221 225 226],[248 252 253],[245 249 250]
[252 254 253],[252 254 253],[253 255 254],[252 254 253],[252 254 253],[252 254 253],[252 254 253],[252 254 253],[252 254 253],[252 254 253],[252 254 253],[252 254 253],[252 254 253],[252 254 253],[252 254 253],[252 254 253],[252 254 253],[252 254 253],[252 254 253],[252 254 253],[252 254 253],[252 254 253],[252 254 253],[252 254 253],[252 254 253],[252 254 253],[252 254 253],[252 254 253],[252 254 253],[252 254 253],[252 254 253],[252 254 253],[252 254 253],[252 254 253],[252 254 253],[252 254 253],[252 254 253],[252 254 253],[252 254 253],[252 254 253],[252 254 253],[252 254 253],[252 254 253],[251 254 254],[251 254 254],[250 254 255],[250 254 255],[250 254 255],[250 254 255],[250 254 255],[250 254 255],[250 254 255],[250 254 255],[250 254 255],[250 254 255],[250 254 255],[250 254 255],[250 254 255],[250 254 255],[250 254 255],[250 254 255],[250 254 255],[250 254 255],[246 250 251],[229 233 234],[211 215 216],[191 195 196],[171 175 176],[151 155 156],[142 146 147],[134 138 139],[127 131 132],[122 126 127],[117 121 122],[168 172 173],[220 224 225],[247 251 252],[244 248 249]
[252 254 253],[252 254 253],[252 254 253],[252 254 253],[252 254 253],[252 254 253],[252 254 253],[252 254 253],[252 254 253],[252 254 253],[252 254 253],[252 254 253],[252 254 253],[252 254 253],[252 254 253],[252 254 253],[252 254 253],[252 254 253],[252 254 253],[252 254 253],[252 254 253],[252 254 253],[252 254 253],[252 254 253],[252 254 253],[252 254 253],[252 254 253],[252 254 253],[252 254 253],[252 254 253],[252 254 253],[252 254 253],[252 254 253],[252 254 253],[252 254 253],[252 254 253],[252 254 253],[252 254 253],[252 254 253],[252 254 253],[252 254 253],[252 254 253],[252 254 253],[251 254 254],[251 254 254],[250 254 255],[250 254 255],[250 254 255],[250 254 255],[250 254 255],[250 254 255],[250 254 255],[250 254 255],[250 254 255],[250 254 255],[250 254 255],[250 254 255],[250 254 255],[250 254 255],[250 254 255],[250 254 255],[250 254 255],[250 254 255],[246 250 251],[227 231 232],[208 212 213],[188 192 193],[168 172 173],[148 152 153],[140 144 145],[132 136 137],[125 129 130],[121 125 126],[116 120 121],[167 171 172],[219 223 224],[246 250 251],[242 246 247]
[253 255 254],[252 254 253],[252 254 253],[252 254 253],[252 254 253],[252 254 253],[252 254 253],[252 254 253],[252 254 253],[252 254 253],[252 254 253],[252 254 253],[252 254 253],[252 254 253],[252 254 253],[252 254 253],[252 254 253],[252 254 253],[252 254 253],[252 254 253],[252 254 253],[252 254 253],[252 254 253],[252 254 253],[252 254 253],[252 254 253],[252 254 253],[252 254 253],[252 254 253],[252 254 253],[252 254 253],[252 254 253],[252 254 253],[252 254 253],[252 254 253],[252 254 253],[252 254 253],[252 254 253],[252 254 253],[252 254 253],[252 254 253],[252 254 253],[252 254 253],[251 254 254],[251 254 254],[250 254 255],[250 254 255],[250 254 255],[250 254 255],[250 254 255],[250 254 255],[250 254 255],[250 254 255],[250 254 255],[250 254 255],[250 254 255],[250 254 255],[250 254 255],[250 254 255],[250 254 255],[250 254 255],[250 254 255],[250 254 255],[246 250 251],[226 230 231],[205 209 210],[185 189 190],[165 169 170],[146 150 151],[138 142 143],[131 135 136],[124 128 129],[120 124 125],[115 119 120],[166 170 171],[218 222 223],[245 249 250],[241 245 246]
[253 255 254],[252 254 253],[252 254 253],[252 254 253],[252 254 253],[252 254 253],[252 254 253],[252 254 253],[252 254 253],[252 254 253],[252 254 253],[252 254 253],[252 254 253],[252 254 253],[252 254 253],[252 254 253],[252 254 253],[252 254 253],[252 254 253],[252 254 253],[252 254 253],[252 254 253],[252 254 253],[252 254 253],[252 254 253],[252 254 253],[252 254 253],[252 254 253],[252 254 253],[252 254 253],[252 254 253],[252 254 253],[252 254 253],[252 254 253],[252 254 253],[252 254 253],[252 254 253],[252 254 253],[252 254 253],[252 254 253],[252 254 253],[252 254 253],[252 254 253],[251 254 254],[251 254 254],[250 254 255],[250 254 255],[250 254 255],[250 254 255],[250 254 255],[250 254 255],[250 254 255],[250 254 255],[250 254 255],[250 254 255],[250 254 255],[250 254 255],[250 254 255],[250 254 255],[250 254 255],[250 254 255],[250 254 255],[250 254 255],[245 249 250],[223 227 228],[200 204 205],[180 184 185],[160 164 165],[142 146 147],[135 139 140],[128 132 133],[123 127 128],[120 124 125],[115 119 120],[166 170 171],[219 223 224],[246 250 251],[241 245 246]
[253 254 254],[252 253 253],[251 253 252],[252 254 253],[252 254 253],[252 254 253],[252 254 253],[252 254 253],[252 254 253],[252 254 253],[252 254 253],[252 254 253],[252 254 253],[252 254 253],[252 254 253],[252 254 253],[252 254 253],[252 254 253],[252 254 253],[252 254 253],[252 254 253],[252 254 253],[252 254 253],[252 254 253],[252 254 253],[252 254 253],[252 254 253],[252 254 253],[252 254 253],[252 254 253],[252 254 253],[252 254 253],[252 254 253],[252 254 253],[252 254 253],[252 254 253],[252 254 253],[252 254 253],[252 254 253],[252 254 253],[252 254 253],[252 254 253],[252 254 253],[251 254 254],[251 254 254],[250 254 255],[250 254 255],[250 254 255],[250 254 255],[250 254 255],[250 254 255],[250 254 255],[250 254 255],[250 254 255],[250 254 255],[250 254 255],[250 254 255],[250 254 255],[250 254 255],[250 254 255],[250 254 255],[250 254 255],[250 254 255],[244 248 249],[220 224 225],[195 199 200],[174 178 179],[156 160 161],[138 142 143],[132 136 137],[126 130 131],[122 126 127],[119 123 124],[116 120 121],[167 171 172],[220 224 225],[247 251 252],[242 246 247]
[253 254 254],[252 253 253],[252 253 253],[252 254 253],[252 254 253],[252 254 253],[252 254 253],[252 254 253],[252 254 253],[252 254 253],[252 254 253],[252 254 253],[252 254 253],[252 254 253],[252 254 253],[252 254 253],[252 254 253],[252 254 253],[252 254 253],[252 254 253],[252 254 253],[252 254 253],[252 254 253],[252 254 253],[252 254 253],[252 254 253],[252 254 253],[252 254 253],[252 254 253],[252 254 253],[252 254 253],[252 254 253],[252 254 253],[252 254 253],[252 254 253],[252 254 253],[252 254 253],[252 254 253],[252 254 253],[252 254 253],[252 254 253],[252 254 253],[252 254 253],[251 254 254],[251 254 254],[250 254 255],[250 254 255],[250 254 255],[250 254 255],[250 254 255],[250 254 255],[250 254 255],[250 254 255],[250 254 255],[250 254 255],[250 254 255],[250 254 255],[250 254 255],[250 254 255],[250 254 255],[250 254 255],[250 254 255],[250 254 255],[244 248 249],[218 222 223],[191 195 196],[170 174 175],[152 156 157],[135 139 140],[130 134 135],[125 129 130],[122 126 127],[120 124 125],[117 121 122],[168 172 173],[221 224 225],[248 251 252],[243 247 248]
[254 255 255],[253 254 254],[253 254 254],[253 254 254],[252 254 253],[252 254 253],[252 254 253],[252 254 253],[252 254 253],[252 254 253],[252 254 253],[252 254 253],[252 254 253],[252 254 253],[252 254 253],[252 254 253],[252 254 253],[252 254 253],[252 254 253],[252 254 253],[252 254 253],[252 254 253],[252 254 253],[252 254 253],[252 254 253],[252 254 253],[252 254 253],[252 254 253],[252 254 253],[252 254 253],[252 254 253],[252 254 253],[252 254 253],[252 254 253],[252 254 253],[252 254 253],[252 254 253],[252 254 253],[252 254 253],[252 254 253],[252 254 253],[252 254 253],[252 254 253],[251 254 254],[251 254 254],[250 254 255],[250 254 255],[250 254 255],[250 254 255],[250 254 255],[250 254 255],[250 254 255],[250 254 255],[250 254 255],[250 254 255],[250 254 255],[250 254 255],[250 254 255],[250 254 255],[250 254 255],[250 254 255],[250 254 255],[250 254 255],[243 247 248],[215 219 220],[186 190 191],[165 169 170],[149 153 154],[132 136 137],[129 133 134],[124 128 129],[123 127 128],[121 125 126],[120 124 125],[170 174 175],[222 225 226],[249 252 253],[244 248 249]
[254 255 255],[254 255 255],[254 255 255],[253 254 254],[252 254 253],[252 254 253],[252 254 253],[252 254 253],[252 254 253],[252 254 253],[252 254 253],[252 254 253],[252 254 253],[252 254 253],[252 254 253],[252 254 253],[252 254 253],[252 254 253],[252 254 253],[252 254 253],[252 254 253],[252 254 253],[252 254 253],[252 254 253],[252 254 253],[252 254 253],[252 254 253],[252 254 253],[252 254 253],[252 254 253],[252 254 253],[252 254 253],[252 254 253],[252 254 253],[252 254 253],[252 254 253],[252 254 253],[252 254 253],[252 254 253],[252 254 253],[252 254 253],[252 254 253],[252 254 253],[251 254 254],[251 254 254],[250 254 255],[250 254 255],[250 254 255],[250 254 255],[250 254 255],[250 254 255],[250 254 255],[250 254 255],[250 254 255],[250 254 255],[250 254 255],[250 254 255],[250 254 255],[250 254 255],[250 254 255],[250 254 255],[250 254 255],[250 254 255],[243 247 248],[213 217 218],[182 186 187],[161 165 166],[145 149 150],[130 134 135],[127 131 132],[124 128 129],[123 127 128],[122 126 127],[122 126 127],[172 176 177],[223 226 227],[250 253 254],[246 250 251]
[252 254 253],[254 255 255],[254 255 255],[253 254 254],[252 254 253],[252 254 253],[252 254 253],[252 254 253],[252 254 253],[252 254 253],[252 254 253],[252 254 253],[252 254 253],[252 254 253],[252 254 253],[252 254 253],[252 254 253],[252 254 253],[252 254 253],[252 254 253],[252 254 253],[252 254 253],[252 254 253],[252 254 253],[252 254 253],[252 254 253],[252 254 253],[252 254 253],[252 254 253],[252 254 253],[252 254 253],[252 254 253],[252 254 253],[252 254 253],[252 254 253],[252 254 253],[252 254 253],[252 254 253],[252 254 253],[252 254 253],[252 254 253],[252 254 253],[252 254 253],[251 254 254],[251 254 254],[251 254 255],[250 254 255],[250 254 255],[250 254 255],[250 254 255],[251 254 255],[250 254 255],[250 254 255],[250 254 255],[250 254 255],[251 254 255],[250 254 255],[250 254 255],[250 254 255],[250 254 255],[251 254 255],[250 254 255],[250 254 255],[243 247 248],[212 216 217],[181 184 185],[159 163 164],[143 147 148],[129 133 134],[127 131 132],[126 128 130],[125 128 130],[125 128 129],[125 129 130],[174 178 179],[224 227 227],[251 254 254],[248 252 252]
[251 253 252],[253 254 254],[254 255 255],[253 254 254],[252 254 253],[252 254 253],[252 254 253],[252 254 253],[252 254 253],[252 254 253],[252 254 253],[252 254 253],[252 254 253],[252 254 253],[252 254 253],[252 254 253],[252 254 253],[252 254 253],[252 254 253],[252 254 253],[252 254 253],[252 254 253],[252 254 253],[252 254 253],[252 254 253],[252 254 253],[252 254 253],[252 254 253],[252 254 253],[252 254 253],[252 254 253],[252 254 253],[252 254 253],[252 254 253],[252 254 253],[252 254 253],[252 254 253],[252 254 253],[252 254 253],[252 254 253],[252 254 253],[252 254 253],[252 254 253],[252 254 254],[252 253 254],[252 253 255],[251 253 255],[250 254 255],[250 254 255],[251 253 255],[252 253 255],[251 253 255],[250 254 255],[250 254 255],[251 253 255],[252 253 255],[251 253 255],[251 254 255],[250 254 255],[251 253 255],[252 253 255],[251 253 255],[251 254 255],[243 247 248],[211 215 216],[180 181 183],[158 160 162],[142 145 147],[128 132 133],[127 130 132],[127 129 131],[127 129 131],[127 130 132],[127 131 132],[176 179 180],[225 228 228],[252 255 255],[250 253 253]
[250 252 251],[252 253 253],[253 254 254],[252 253 253],[252 254 253],[252 254 253],[252 254 253],[252 254 253],[252 254 253],[252 254 253],[252 254 253],[252 254 253],[252 254 253],[252 254 253],[252 254 253],[252 254 253],[252 254 253],[252 254 253],[252 254 253],[252 254 253],[252 254 253],[252 254 253],[252 254 253],[252 254 253],[252 254 253],[252 254 253],[252 254 253],[252 254 253],[252 254 253],[252 254 253],[252 254 253],[252 254 253],[252 254 253],[252 254 253],[252 254 253],[252 254 253],[236 238 237],[213 215 214],[213 215 214],[242 244 243],[252 254 253],[252 254 253],[252 254 253],[252 254 254],[252 253 254],[252 253 254],[251 253 254],[250 254 254],[250 254 254],[251 253 254],[252 253 254],[251 253 254],[250 254 254],[250 254 254],[251 253 254],[252 253 254],[251 253 254],[251 254 254],[250 254 254],[251 253 254],[252 253 254],[251 253 254],[251 254 254],[244 247 248],[214 217 217],[184 185 187],[163 165 166],[147 150 151],[132 136 137],[129 132 133],[126 127 129],[125 127 129],[128 130 132],[130 134 134],[176 179 180],[223 225 225],[250 252 252],[250 252 252]
[251 251 251],[250 251 251],[251 251 251],[251 252 252],[253 253 253],[253 253 253],[253 253 253],[253 253 253],[253 253 253],[253 253 253],[253 253 253],[253 253 253],[253 253 253],[253 253 253],[253 253 253],[253 253 253],[253 253 253],[253 253 253],[253 253 253],[253 253 253],[253 253 253],[253 253 253],[253 253 253],[253 253 253],[252 253 252],[252 253 252],[252 253 252],[252 253 252],[252 253 252],[252 253 252],[252 253 252],[252 253 252],[252 253 252],[252 253 252],[252 253 252],[245 246 245],[194 195 195],[128 129 129],[128 129 129],[221 222 222],[252 253 252],[252 253 252],[252 253 252],[252 253 253],[252 252 253],[252 252 253],[252 252 253],[251 253 253],[251 253 253],[252 252 253],[252 252 253],[252 252 253],[251 253 253],[251 253 253],[252 252 253],[252 252 253],[252 252 253],[251 253 253],[251 253 253],[252 252 253],[252 252 253],[252 252 253],[251 253 253],[245 248 248],[221 223 223],[196 197 198],[177 178 179],[161 162 163],[145 148 148],[133 135 135],[122 122 123],[120 120 121],[126 128 129],[132 135 135],[174 176 177],[217 218 218],[243 244 244],[247 248 248]
[251 251 251],[248 248 248],[248 248 248],[250 250 250],[253 253 253],[253 253 253],[253 253 253],[253 253 253],[253 253 253],[253 253 253],[253 253 253],[253 253 253],[253 253 253],[253 253 253],[253 253 253],[253 253 253],[253 253 253],[253 253 253],[253 253 253],[253 253 253],[253 253 253],[253 253 253],[253 253 253],[253 253 253],[252 252 252],[252 252 252],[252 252 252],[252 252 252],[252 252 252],[252 252 252],[252 252 252],[252 252 252],[252 252 252],[252 252 252],[252 252 252],[184 184 184],[137 138 138],[128 129 129],[128 129 129],[221 222 222],[252 252 252],[252 252 252],[252 252 252],[252 252 252],[252 252 252],[252 252 252],[252 252 252],[251 253 252],[251 253 252],[252 252 252],[252 252 252],[252 252 252],[251 253 252],[251 253 252],[252 252 252],[252 252 252],[252 252 252],[251 253 252],[251 253 252],[252 252 252],[252 252 252],[252 252 252],[251 253 252],[247 249 248],[228 229 228],[208 209 209],[191 191 191],[174 175 175],[157 160 159],[137 139 138],[118 118 118],[114 114 114],[124 125 125],[135 137 136],[172 173 173],[211 211 211],[236 236 236],[244 244 244]
[251 251 251],[248 248 248],[248 248 248],[250 250 250],[253 253 253],[253 253 253],[253 253 253],[253 253 253],[253 253 253],[253 253 253],[253 253 253],[253 253 253],[253 253 253],[253 253 253],[253 253 253],[253 253 253],[253 253 253],[253 253 253],[253 253 253],[253 253 253],[253 253 253],[253 253 253],[253 253 253],[253 253 253],[252 252 252],[252 252 252],[252 252 252],[252 252 252],[252 252 252],[252 252 252],[252 252 252],[252 252 252],[252 252 252],[246 246 246],[183 183 183],[144 144 144],[128 129 129],[128 129 129],[128 129 129],[160 161 161],[214 214 214],[252 252 252],[252 252 252],[252 252 252],[252 252 252],[252 252 252],[252 252 252],[251 253 252],[251 253 252],[252 252 252],[252 252 252],[252 252 252],[251 253 252],[251 253 252],[252 252 252],[252 252 252],[252 252 252],[251 253 252],[251 253 252],[252 252 252],[252 252 252],[252 252 252],[251 253 252],[247 248 248],[227 227 227],[206 206 206],[189 189 189],[173 174 174],[158 159 158],[138 138 138],[117 117 117],[114 114 114],[125 126 126],[137 138 137],[173 174 174],[210 210 210],[235 235 235],[244 244 244]
[251 251 251],[248 248 248],[248 248 248],[250 250 250],[253 253 253],[253 253 253],[253 253 253],[253 253 253],[253 253 253],[253 253 253],[253 253 253],[253 253 253],[253 253 253],[253 253 253],[253 253 253],[253 253 253],[253 253 253],[253 253 253],[253 253 253],[253 253 253],[253 253 253],[253 253 253],[253 253 253],[253 253 253],[252 252 252],[252 252 252],[252 252 252],[252 252 252],[252 252 252],[252 252 252],[252 252 252],[252 252 252],[252 252 252],[243 243 243],[146 147 147],[128 129 129],[128 129 129],[128 129 129],[128 129 129],[128 129 129],[194 195 195],[252 252 252],[252 252 252],[252 252 252],[252 252 252],[252 252 252],[252 252 252],[252 252 252],[252 252 252],[252 252 252],[252 252 252],[252 252 252],[252 252 252],[252 252 252],[252 252 252],[252 252 252],[252 252 252],[252 252 252],[252 252 252],[252 252 252],[252 252 252],[252 252 252],[252 252 252],[247 248 247],[224 224 224],[200 201 200],[184 184 184],[170 170 170],[156 157 156],[137 138 137],[118 118 118],[115 115 115],[127 127 127],[139 139 139],[174 174 174],[210 210 210],[234 234 234],[244 244 244]
[251 251 251],[248 248 248],[248 248 248],[250 250 250],[253 253 253],[253 253 253],[253 253 253],[253 253 253],[253 253 253],[253 253 253],[253 253 253],[253 253 253],[253 253 253],[253 253 253],[253 253 253],[253 253 253],[253 253 253],[253 253 253],[253 253 253],[253 253 253],[253 253 253],[253 253 253],[253 253 253],[253 253 253],[252 252 252],[252 252 252],[252 252 252],[252 252 252],[252 252 252],[252 252 252],[252 252 252],[252 252 252],[244 244 244],[218 219 219],[143 143 143],[128 129 129],[128 129 129],[128 129 129],[128 129 129],[128 129 129],[194 195 195],[252 252 252],[252 252 252],[252 252 252],[252 252 252],[252 252 252],[252 252 252],[252 252 252],[252 252 252],[252 252 252],[252 252 252],[252 252 252],[252 252 252],[252 252 252],[252 252 252],[252 252 252],[252 252 252],[252 252 252],[252 252 252],[252 252 252],[252 252 252],[252 252 252],[252 252 252],[247 247 247],[221 221 221],[195 195 195],[179 179 179],[166 166 166],[154 154 154],[137 137 137],[118 118 118],[117 117 117],[129 129 129],[141 141 141],[175 175 175],[210 210 210],[234 234 234],[244 244 244]
[251 251 251],[248 248 248],[248 248 248],[251 251 251],[253 253 253],[253 253 253],[253 253 253],[253 253 253],[253 253 253],[253 253 253],[253 253 253],[253 253 253],[253 253 253],[253 253 253],[253 253 253],[253 253 253],[253 253 253],[253 253 253],[253 253 253],[253 253 253],[253 253 253],[253 253 253],[253 253 253],[253 253 253],[252 252 252],[252 252 252],[252 252 252],[252 252 252],[252 252 252],[252 252 252],[252 252 252],[252 252 252],[216 217 217],[128 129 129],[128 129 129],[128 129 129],[128 129 129],[128 129 129],[128 129 129],[128 129 129],[194 195 195],[252 252 252],[252 252 252],[252 252 252],[252 252 252],[252 252 252],[252 252 252],[252 252 252],[252 252 252],[252 252 252],[252 252 252],[252 252 252],[252 252 252],[252 252 252],[252 252 252],[252 252 252],[252 252 252],[252 252 252],[252 252 252],[252 252 252],[252 252 252],[252 252 252],[252 252 252],[246 246 246],[217 217 217],[187 187 187],[171 171 171],[161 161 161],[151 151 151],[135 135 135],[120 120 120],[119 119 119],[131 131 131],[143 143 143],[176 176 176],[209 209 209],[232 232 232],[242 242 242]
[251 251 251],[248 248 248],[248 248 248],[251 251 251],[253 253 253],[253 253 253],[253 253 253],[253 253 253],[253 253 253],[253 253 253],[253 253 253],[253 253 253],[253 253 253],[253 253 253],[253 253 253],[253 253 253],[253 253 253],[253 253 253],[253 253 253],[253 253 253],[253 253 253],[253 253 253],[253 253 253],[253 253 253],[252 252 252],[252 252 252],[252 252 252],[252 252 252],[252 252 252],[252 252 252],[252 252 252],[203 204 204],[147 148 148],[128 129 129],[128 129 129],[128 129 129],[128 129 129],[128 129 129],[128 129 129],[201 201 201],[239 239 239],[252 252 252],[252 252 252],[252 252 252],[252 252 252],[252 252 252],[252 252 252],[252 252 252],[252 252 252],[252 252 252],[252 252 252],[252 252 252],[252 252 252],[252 252 252],[252 252 252],[252 252 252],[252 252 252],[252 252 252],[252 252 252],[252 252 252],[252 252 252],[252 252 252],[252 252 252],[245 245 245],[213 213 213],[180 180 180],[164 164 164],[156 156 156],[148 148 148],[134 134 134],[121 121 121],[121 121 121],[133 133 133],[145 145 145],[177 177 177],[209 209 209],[231 231 231],[240 240 240]
[251 251 251],[248 248 248],[248 248 248],[251 251 251],[253 253 253],[253 253 253],[253 253 253],[253 253 253],[253 253 253],[253 253 253],[253 253 253],[253 253 253],[253 253 253],[253 253 253],[253 253 253],[253 253 253],[253 253 253],[253 253 253],[253 253 253],[253 253 253],[253 253 253],[253 253 253],[253 253 253],[253 253 253],[252 252 252],[252 252 252],[252 252 252],[252 252 252],[252 252 252],[252 252 252],[252 252 252],[189 190 190],[128 129 129],[128 129 129],[128 129 129],[128 129 129],[128 129 129],[141 142 142],[196 196 196],[238 238 238],[252 252 252],[252 252 252],[252 252 252],[252 252 252],[252 252 252],[252 252 252],[252 252 252],[252 252 252],[252 252 252],[252 252 252],[252 252 252],[252 252 252],[252 252 252],[252 252 252],[252 252 252],[252 252 252],[252 252 252],[252 252 252],[252 252 252],[252 252 252],[252 252 252],[252 252 252],[252 252 252],[245 245 245],[210 210 210],[174 174 174],[158 158 158],[152 152 152],[145 145 145],[133 133 133],[121 121 121],[123 123 123],[135 135 135],[147 147 147],[178 178 178],[209 209 209],[230 230 230],[239 239 239]
[251 251 251],[248 248 248],[248 248 248],[251 251 251],[253 253 253],[253 253 253],[253 253 253],[253 253 253],[253 253 253],[253 253 253],[253 253 253],[253 253 253],[253 253 253],[253 253 253],[253 253 253],[253 253 253],[253 253 253],[253 253 253],[253 253 253],[253 253 253],[253 253 253],[253 253 253],[253 253 253],[253 253 253],[252 252 252],[252 252 252],[252 252 252],[252 252 252],[252 252 252],[252 252 252],[221 222 222],[168 169 169],[128 129 129],[128 129 129],[128 129 129],[128 129 129],[145 146 146],[186 186 186],[250 250 250],[252 252 252],[252 252 252],[252 252 252],[252 252 252],[252 252 252],[252 252 252],[252 252 252],[252 252 252],[252 252 252],[252 252 252],[252 252 252],[252 252 252],[252 252 252],[252 252 252],[252 252 252],[252 252 252],[252 252 252],[252 252 252],[252 252 252],[252 252 252],[252 252 252],[252 252 252],[252 252 252],[252 252 252],[244 244 244],[207 207 207],[169 169 169],[153 153 153],[148 148 148],[143 143 143],[133 133 133],[122 122 122],[124 124 124],[136 136 136],[149 149 149],[178 178 178],[209 209 209],[230 230 230],[238 238 238]
[251 251 251],[248 248 248],[248 248 248],[251 251 251],[253 253 253],[253 253 253],[253 253 253],[253 253 253],[253 253 253],[253 253 253],[253 253 253],[253 253 253],[253 253 253],[253 253 253],[253 253 253],[253 253 253],[253 253 253],[253 253 253],[253 253 253],[253 253 253],[253 253 253],[253 253 253],[253 253 253],[253 253 253],[252 252 252],[252 252 252],[252 252 252],[252 252 252],[252 252 252],[252 252 252],[162 163 163],[128 129 129],[128 129 129],[128 129 129],[128 129 129],[128 129 129],[179 179 179],[252 252 252],[252 252 252],[252 252 252],[252 252 252],[252 252 252],[252 252 252],[252 252 252],[252 252 252],[252 252 252],[252 252 252],[252 252 252],[252 252 252],[252 252 252],[252 252 252],[252 252 252],[252 252 252],[252 252 252],[252 252 252],[252 252 252],[252 252 252],[252 252 252],[252 252 252],[252 252 252],[252 252 252],[252 252 252],[252 252 252],[244 244 244],[204 204 204],[165 165 165],[149 149 149],[145 145 145],[141 141 141],[132 132 132],[122 122 122],[125 125 125],[137 137 137],[150 150 150],[179 179 179],[209 209 209],[229 229 229],[237 237 237]
[251 251 251],[248 248 248],[248 248 248],[251 251 251],[253 253 253],[253 253 253],[253 253 253],[253 253 253],[253 253 253],[253 253 253],[253 253 253],[253 253 253],[253 253 253],[253 253 253],[253 253 253],[253 253 253],[253 253 253],[253 253 253],[253 253 253],[253 253 253],[253 253 253],[253 253 253],[253 253 253],[253 253 253],[252 252 252],[252 252 252],[252 252 252],[252 252 252],[252 252 252],[252 252 252],[162 163 163],[128 129 129],[128 129 129],[128 129 129],[128 129 129],[128 129 129],[179 179 179],[252 252 252],[252 252 252],[252 252 252],[252 252 252],[252 252 252],[252 252 252],[252 252 252],[252 252 252],[252 252 252],[252 252 252],[252 252 252],[252 252 252],[252 252 252],[252 252 252],[252 252 252],[252 252 252],[252 252 252],[252 252 252],[252 252 252],[252 252 252],[252 252 252],[252 252 252],[252 252 252],[252 252 252],[252 252 252],[252 252 252],[244 244 244],[204 204 204],[165 165 165],[149 149 149],[145 145 145],[141 141 141],[132 132 132],[122 122 122],[125 125 125],[137 137 137],[150 150 150],[179 179 179],[209 209 209],[229 229 229],[237 237 237]
[252 252 252],[249 249 249],[249 249 249],[251 251 251],[253 253 253],[253 253 253],[253 253 253],[253 253 253],[253 253 253],[253 253 253],[253 253 253],[253 253 253],[253 253 253],[253 253 253],[253 253 253],[253 253 253],[253 253 253],[253 253 253],[253 253 253],[253 253 253],[253 253 253],[253 253 253],[253 253 253],[253 253 253],[252 252 252],[252 252 252],[252 252 252],[252 252 252],[252 252 252],[252 252 252],[162 163 163],[128 129 129],[128 129 129],[128 129 129],[128 129 129],[181 182 182],[229 229 229],[252 252 252],[252 252 252],[252 252 252],[252 252 252],[252 252 252],[252 252 252],[252 252 252],[252 252 252],[252 252 252],[252 252 252],[252 252 252],[252 252 252],[252 252 252],[252 252 252],[252 252 252],[252 252 252],[252 252 252],[252 252 252],[252 252 252],[252 252 252],[252 252 252],[252 252 252],[252 252 252],[252 252 252],[252 252 252],[252 252 252],[244 244 244],[204 204 204],[165 165 165],[149 149 149],[145 145 145],[141 141 141],[132 132 132],[122 122 122],[125 125 125],[137 137 137],[150 150 150],[179 179 179],[209 209 209],[229 229 229],[237 237 237]
[252 252 252],[249 249 249],[249 249 249],[251 251 251],[253 253 253],[253 253 253],[253 253 253],[253 253 253],[253 253 253],[253 253 253],[253 253 253],[253 253 253],[253 253 253],[253 253 253],[253 253 253],[253 253 253],[253 253 253],[253 253 253],[253 253 253],[253 253 253],[253 253 253],[253 253 253],[253 253 253],[253 253 253],[252 252 252],[252 252 252],[252 252 252],[230 230 230],[195 195 195],[195 195 195],[146 147 147],[128 129 129],[128 129 129],[132 133 133],[177 177 177],[227 227 227],[252 252 252],[252 252 252],[252 252 252],[252 252 252],[252 252 252],[252 252 252],[252 252 252],[252 252 252],[252 252 252],[252 252 252],[252 252 252],[252 252 252],[252 252 252],[252 252 252],[252 252 252],[252 252 252],[252 252 252],[252 252 252],[252 252 252],[252 252 252],[252 252 252],[252 252 252],[252 252 252],[252 252 252],[252 252 252],[252 252 252],[252 252 252],[244 244 244],[206 206 206],[168 168 168],[152 152 152],[147 147 147],[142 142 142],[132 132 132],[122 122 122],[124 124 124],[136 136 136],[149 149 149],[179 179 179],[209 209 209],[229 229 229],[238 238 238]
[252 252 252],[250 250 250],[250 250 250],[251 251 251],[253 253 253],[253 253 253],[253 253 253],[253 253 253],[253 253 253],[253 253 253],[253 253 253],[253 253 253],[253 253 253],[253 253 253],[253 253 253],[253 253 253],[253 253 253],[253 253 253],[253 253 253],[253 253 253],[253 253 253],[253 253 253],[253 253 253],[253 253 253],[252 252 252],[252 252 252],[252 252 252],[204 205 205],[128 129 129],[128 129 129],[128 129 129],[128 129 129],[136 137 137],[164 165 165],[238 238 238],[252 252 252],[252 252 252],[252 252 252],[252 252 252],[252 252 252],[252 252 252],[252 252 252],[252 252 252],[252 252 252],[252 252 252],[252 252 252],[252 252 252],[252 252 252],[252 252 252],[252 252 252],[252 252 252],[252 252 252],[252 252 252],[252 252 252],[252 252 252],[252 252 252],[252 252 252],[252 252 252],[252 252 252],[252 252 252],[252 252 252],[252 252 252],[252 252 252],[245 245 245],[209 209 209],[173 173 173],[157 157 157],[151 151 151],[145 145 145],[133 133 133],[121 121 121],[123 123 123],[135 135 135],[147 147 147],[178 178 178],[209 209 209],[230 230 230],[239 239 239]
[252 252 252],[250 250 250],[250 250 250],[251 251 251],[253 253 253],[253 253 253],[253 253 253],[253 253 253],[253 253 253],[253 253 253],[253 253 253],[253 253 253],[253 253 253],[253 253 253],[253 253 253],[253 253 253],[253 253 253],[253 253 253],[253 253 253],[253 253 253],[253 253 253],[253 253 253],[253 253 253],[253 253 253],[252 252 252],[252 252 252],[250 250 250],[203 203 203],[128 129 129],[128 129 129],[128 129 129],[128 129 129],[163 164 164],[252 252 252],[252 252 252],[252 252 252],[252 252 252],[252 252 252],[252 252 252],[252 252 252],[252 252 252],[252 252 252],[252 252 252],[252 252 252],[252 252 252],[252 252 252],[252 252 252],[252 252 252],[252 252 252],[252 252 252],[252 252 252],[252 252 252],[252 252 252],[252 252 252],[252 252 252],[252 252 252],[252 252 252],[252 252 252],[252 252 252],[252 252 252],[252 252 252],[252 252 252],[252 252 252],[245 245 245],[212 212 212],[179 179 179],[163 163 163],[155 155 155],[147 147 147],[134 134 134],[121 121 121],[122 122 122],[134 134 134],[146 146 146],[177 177 177],[209 209 209],[231 231 231],[240 240 240]
[252 252 252],[250 250 250],[250 250 250],[251 251 251],[253 253 253],[253 253 253],[253 253 253],[253 253 253],[253 253 253],[253 253 253],[253 253 253],[253 253 253],[253 253 253],[253 253 253],[253 253 253],[253 253 253],[253 253 253],[253 253 253],[253 253 253],[253 253 253],[253 253 253],[253 253 253],[253 253 253],[253 253 253],[252 252 252],[252 252 252],[192 193 193],[143 143 143],[128 129 129],[128 129 129],[128 129 129],[128 129 129],[163 164 164],[252 252 252],[252 252 252],[252 252 252],[252 252 252],[252 252 252],[252 252 252],[252 252 252],[252 252 252],[252 252 252],[252 252 252],[252 252 252],[252 252 252],[252 252 252],[252 252 252],[252 252 252],[252 252 252],[252 252 252],[252 252 252],[252 252 252],[252 252 252],[252 252 252],[252 252 252],[252 252 252],[252 252 252],[252 252 252],[252 252 252],[252 252 252],[252 252 252],[252 252 252],[252 252 252],[246 246 246],[216 216 216],[186 186 186],[170 170 170],[160 160 160],[150 150 150],[135 135 135],[120 120 120],[119 119 119],[131 131 131],[143 143 143],[176 176 176],[209 209 209],[232 232 232],[242 242 242]
[252 252 252],[250 250 250],[250 250 250],[251 251 251],[253 253 253],[253 253 253],[253 253 253],[253 253 253],[253 253 253],[253 253 253],[253 253 253],[253 253 253],[253 253 253],[253 253 253],[253 253 253],[253 253 253],[253 253 253],[253 253 253],[253 253 253],[253 253 253],[253 253 253],[253 253 253],[253 253 253],[253 253 253],[252 252 252],[252 252 252],[178 178 178],[128 129 129],[128 129 129],[128 129 129],[128 129 129],[164 165 165],[215 215 215],[252 252 252],[252 252 252],[252 252 252],[252 252 252],[252 252 252],[252 252 252],[252 252 252],[252 252 252],[252 252 252],[252 252 252],[252 252 252],[252 252 252],[252 252 252],[252 252 252],[252 252 252],[252 252 252],[252 252 252],[252 252 252],[252 252 252],[252 252 252],[252 252 252],[252 252 252],[252 252 252],[252 252 252],[252 252 252],[252 252 252],[252 252 252],[252 252 252],[252 252 252],[252 252 252],[247 247 247],[220 220 220],[193 193 193],[177 177 177],[166 166 166],[154 154 154],[136 136 136],[119 119 119],[117 117 117],[129 129 129],[141 141 141],[175 175 175],[210 210 210],[233 233 233],[243 243 243]
[252 252 252],[250 250 250],[250 250 250],[251 251 251],[253 253 253],[253 253 253],[253 253 253],[253 253 253],[253 253 253],[253 253 253],[253 253 253],[253 253 253],[253 253 253],[253 253 253],[253 253 253],[253 253 253],[253 253 253],[253 253 253],[253 253 253],[253 253 253],[253 253 253],[253 253 253],[253 253 253],[253 253 253],[252 252 252],[252 252 252],[178 178 178],[128 129 129],[128 129 129],[128 129 129],[128 129 129],[190 191 191],[252 252 252],[252 252 252],[252 252 252],[252 252 252],[252 252 252],[252 252 252],[252 252 252],[252 252 252],[252 252 252],[252 252 252],[252 252 252],[252 252 252],[252 252 252],[252 252 252],[252 252 252],[252 252 252],[252 252 252],[252 252 252],[252 252 252],[252 252 252],[252 252 252],[252 252 252],[252 252 252],[252 252 252],[252 252 252],[252 252 252],[252 252 252],[252 252 252],[252 252 252],[252 252 252],[252 252 252],[247 247 247],[223 223 223],[200 200 200],[183 183 183],[170 170 170],[156 156 156],[137 137 137],[118 118 118],[115 115 115],[127 127 127],[139 139 139],[175 175 175],[210 210 210],[234 234 234],[244 244 244]
[252 252 252],[251 251 251],[251 251 251],[252 252 252],[253 253 253],[253 253 253],[253 253 253],[253 253 253],[253 253 253],[253 253 253],[253 253 253],[253 253 253],[253 253 253],[253 253 253],[253 253 253],[253 253 253],[253 253 253],[253 253 253],[253 253 253],[253 253 253],[253 253 253],[253 253 253],[253 253 253],[253 253 253],[251 251 251],[237 237 237],[170 171 171],[128 129 129],[128 129 129],[128 129 129],[128 129 129],[190 191 191],[252 252 252],[252 252 252],[252 252 252],[252 252 252],[252 252 252],[252 252 252],[252 252 252],[252 252 252],[252 252 252],[252 252 252],[252 252 252],[252 252 252],[252 252 252],[252 252 252],[252 252 252],[252 252 252],[252 252 252],[252 252 252],[252 252 252],[252 252 252],[252 252 252],[252 252 252],[252 252 252],[252 252 252],[252 252 252],[252 252 252],[252 252 252],[252 252 252],[252 252 252],[252 252 252],[252 252 252],[248 248 248],[226 226 226],[205 205 205],[188 188 188],[173 173 173],[158 158 158],[138 138 138],[117 117 117],[114 114 114],[126 126 126],[138 138 138],[174 174 174],[210 210 210],[235 235 235],[244 244 244]
[252 252 252],[251 251 251],[251 251 251],[252 252 252],[253 253 253],[253 253 253],[253 253 253],[253 253 253],[253 253 253],[253 253 253],[253 253 253],[253 253 253],[253 253 253],[253 253 253],[253 253 253],[253 253 253],[253 253 253],[253 253 253],[253 253 253],[253 253 253],[253 253 253],[253 253 253],[253 253 253],[253 253 253],[248 248 248],[158 159 159],[131 132 132],[128 129 129],[128 129 129],[128 129 129],[128 129 129],[190 191 191],[252 252 252],[252 252 252],[252 252 252],[252 252 252],[252 252 252],[252 252 252],[252 252 252],[252 252 252],[252 252 252],[252 252 252],[252 252 252],[252 252 252],[252 252 252],[252 252 252],[252 252 252],[252 252 252],[252 252 252],[252 252 252],[252 252 252],[252 252 252],[252 252 252],[252 252 252],[252 252 252],[252 252 252],[252 252 252],[252 252 252],[252 252 252],[252 252 252],[252 252 252],[252 252 252],[252 252 252],[248 248 248],[229 229 229],[210 210 210],[193 193 193],[177 177 177],[160 160 160],[138 138 138],[117 117 117],[113 113 113],[125 125 125],[136 136 136],[173 173 173],[210 210 210],[235 235 235],[244 244 244]
[252 252 252],[252 252 252],[252 252 252],[252 252 252],[253 253 253],[253 253 253],[253 253 253],[253 253 253],[253 253 253],[253 253 253],[253 253 253],[253 253 253],[253 253 253],[253 253 253],[253 253 253],[253 253 253],[253 253 253],[253 253 253],[253 253 253],[253 253 253],[253 253 253],[253 253 253],[253 253 253],[252 252 252],[246 246 246],[150 151 151],[128 129 129],[128 129 129],[128 129 129],[128 129 129],[128 129 129],[146 147 147],[164 164 164],[164 164 164],[164 164 164],[164 164 164],[164 164 164],[164 164 164],[164 164 164],[164 164 164],[164 164 164],[191 192 192],[251 251 251],[252 252 252],[252 252 252],[252 252 252],[252 252 252],[252 252 252],[252 252 252],[252 252 252],[252 252 252],[252 252 252],[252 252 252],[252 252 252],[252 252 252],[252 252 252],[252 252 252],[252 252 252],[252 252 252],[252 252 252],[252 252 252],[252 252 252],[252 252 252],[249 249 249],[232 232 232],[216 216 216],[196 196 196],[175 175 175],[153 153 153],[138 138 138],[122 122 122],[118 118 118],[124 124 124],[130 130 130],[162 162 162],[194 194 194],[220 220 220],[236 236 236]
[252 252 252],[253 253 253],[253 253 253],[253 253 253],[252 252 252],[252 252 252],[252 252 252],[252 252 252],[252 252 252],[252 252 252],[252 252 252],[252 252 252],[252 252 252],[252 252 252],[252 252 252],[252 252 252],[252 252 252],[252 252 252],[252 252 252],[252 252 252],[252 252 252],[252 252 252],[252 252 252],[236 236 236],[188 188 188],[139 140 140],[128 129 129],[128 129 129],[128 129 129],[128 129 129],[128 129 129],[128 129 129],[128 129 129],[128 129 129],[128 129 129],[128 129 129],[128 129 129],[128 129 129],[128 129 129],[128 129 129],[128 129 129],[148 148 148],[196 197 197],[244 244 244],[252 252 252],[253 253 253],[253 253 253],[253 253 253],[253 253 253],[253 253 253],[253 253 253],[253 253 253],[253 253 253],[253 253 253],[253 253 253],[253 253 253],[253 253 253],[253 253 253],[253 253 253],[253 253 253],[253 253 253],[253 253 253],[253 253 253],[250 250 250],[236 236 236],[222 222 222],[200 200 200],[172 172 172],[146 146 146],[137 137 137],[128 128 128],[124 124 124],[123 123 123],[123 123 123],[150 150 150],[178 178 178],[204 204 204],[228 228 228]
[251 251 251],[254 254 254],[254 254 254],[253 253 253],[252 252 252],[252 252 252],[252 252 252],[252 252 252],[252 252 252],[252 252 252],[252 252 252],[252 252 252],[252 252 252],[252 252 252],[252 252 252],[252 252 252],[252 252 252],[252 252 252],[252 252 252],[252 252 252],[252 252 252],[252 252 252],[252 252 252],[219 219 219],[128 129 129],[128 129 129],[128 129 129],[128 129 129],[128 129 129],[128 129 129],[128 129 129],[128 129 129],[128 129 129],[128 129 129],[128 129 129],[128 129 129],[128 129 129],[128 129 129],[128 129 129],[128 129 129],[128 129 129],[128 129 129],[137 138 138],[207 207 207],[240 240 240],[253 253 253],[253 253 253],[253 253 253],[253 253 253],[253 253 253],[253 253 253],[253 253 253],[253 253 253],[253 253 253],[253 253 253],[253 253 253],[253 253 253],[253 253 253],[253 253 253],[253 253 253],[253 253 253],[253 253 253],[253 253 253],[250 250 250],[239 239 239],[227 227 227],[203 203 203],[172 172 172],[143 143 143],[138 138 138],[132 132 132],[127 127 127],[123 123 123],[119 119 119],[143 143 143],[168 168 168],[194 194 194],[223 223 223]
[250 250 250],[253 253 253],[254 254 254],[253 253 253],[252 252 252],[252 252 252],[252 252 252],[252 252 252],[252 252 252],[252 252 252],[252 252 252],[252 252 252],[252 252 252],[252 252 252],[252 252 252],[252 252 252],[252 252 252],[252 252 252],[252 252 252],[252 252 252],[252 252 252],[252 252 252],[249 249 249],[215 215 215],[128 129 129],[128 129 129],[128 129 129],[128 129 129],[128 129 129],[128 129 129],[128 129 129],[128 129 129],[128 129 129],[128 129 129],[128 129 129],[128 129 129],[128 129 129],[128 129 129],[128 129 129],[128 129 129],[128 129 129],[128 129 129],[128 129 129],[128 129 129],[210 210 210],[253 253 253],[253 253 253],[253 253 253],[253 253 253],[253 253 253],[253 253 253],[253 253 253],[253 253 253],[253 253 253],[253 253 253],[253 253 253],[253 253 253],[253 253 253],[253 253 253],[253 253 253],[253 253 253],[253 253 253],[253 253 253],[251 251 251],[240 240 240],[229 229 229],[205 205 205],[174 174 174],[145 145 145],[140 140 140],[134 134 134],[129 129 129],[125 125 125],[120 120 120],[144 144 144],[169 169 169],[195 195 195],[223 223 223]
[248 248 248],[252 252 252],[254 254 254],[253 253 253],[252 252 252],[252 252 252],[252 252 252],[252 252 252],[252 252 252],[252 252 252],[252 252 252],[252 252 252],[252 252 252],[252 252 252],[252 252 252],[252 252 252],[252 252 252],[252 252 252],[252 252 252],[252 252 252],[252 252 252],[252 252 252],[203 203 203],[143 144 144],[128 129 129],[128 129 129],[128 129 129],[128 129 129],[128 129 129],[128 129 129],[128 129 129],[128 129 129],[128 129 129],[128 129 129],[128 129 129],[128 129 129],[128 129 129],[128 129 129],[128 129 129],[128 129 129],[128 129 129],[128 129 129],[128 129 129],[128 129 129],[210 210 210],[253 253 253],[253 253 253],[253 253 253],[253 253 253],[253 253 253],[253 253 253],[253 253 253],[253 253 253],[253 253 253],[253 253 253],[253 253 253],[253 253 253],[253 253 253],[253 253 253],[253 253 253],[253 253 253],[253 253 253],[253 253 253],[251 251 251],[242 242 242],[232 232 232],[208 208 208],[177 177 177],[148 148 148],[142 142 142],[136 136 136],[130 130 130],[126 126 126],[121 121 121],[145 145 145],[169 169 169],[195 195 195],[223 223 223]
[247 247 247],[251 251 251],[253 253 253],[252 252 252],[252 252 252],[252 252 252],[252 252 252],[252 252 252],[252 252 252],[252 252 252],[252 252 252],[252 252 252],[252 252 252],[252 252 252],[252 252 252],[252 252 252],[252 252 252],[252 252 252],[252 252 252],[252 252 252],[252 252 252],[252 252 252],[193 193 193],[128 129 129],[128 129 129],[128 129 129],[128 129 129],[128 129 129],[128 129 129],[128 129 129],[128 129 129],[128 129 129],[128 129 129],[128 129 129],[128 129 129],[128 129 129],[128 129 129],[128 129 129],[128 129 129],[128 129 129],[128 129 129],[128 129 129],[128 129 129],[128 129 129],[210 210 210],[253 253 253],[253 253 253],[253 253 253],[253 253 253],[253 253 253],[253 253 253],[253 253 253],[253 253 253],[253 253 253],[253 253 253],[253 253 253],[253 253 253],[253 253 253],[253 253 253],[253 253 253],[253 253 253],[253 253 253],[253 253 253],[251 251 251],[243 243 243],[235 235 235],[211 211 211],[180 180 180],[151 151 151],[145 145 145],[138 138 138],[132 132 132],[127 127 127],[122 122 122],[146 146 146],[170 170 170],[195 195 195],[223 223 223]
[245 245 245],[249 249 249],[251 251 251],[252 252 252],[252 252 252],[252 252 252],[252 252 252],[252 252 252],[252 252 252],[252 252 252],[252 252 252],[252 252 252],[252 252 252],[252 252 252],[252 252 252],[252 252 252],[252 252 252],[252 252 252],[252 252 252],[252 252 252],[252 252 252],[218 219 219],[167 168 168],[128 129 129],[128 129 129],[128 129 129],[156 157 157],[175 176 176],[175 176 176],[175 176 176],[175 176 176],[175 176 176],[175 176 176],[172 173 173],[135 136 136],[128 129 129],[128 129 129],[128 129 129],[128 129 129],[128 129 129],[128 129 129],[128 129 129],[128 129 129],[128 129 129],[178 178 178],[226 226 226],[253 253 253],[253 253 253],[253 253 253],[253 253 253],[253 253 253],[253 253 253],[253 253 253],[253 253 253],[253 253 253],[253 253 253],[253 253 253],[253 253 253],[253 253 253],[253 253 253],[253 253 253],[253 253 253],[253 253 253],[252 252 252],[245 245 245],[238 238 238],[215 215 215],[183 183 183],[154 154 154],[148 148 148],[140 140 140],[134 134 134],[129 129 129],[123 123 123],[146 146 146],[170 170 170],[196 196 196],[224 224 224]
[244 244 244],[248 248 248],[250 250 250],[251 251 251],[252 252 252],[252 252 252],[252 252 252],[252 252 252],[252 252 252],[252 252 252],[252 252 252],[252 252 252],[252 252 252],[252 252 252],[252 252 252],[252 252 252],[252 252 252],[252 252 252],[252 252 252],[252 252 252],[252 252 252],[166 167 167],[128 129 129],[128 129 129],[128 129 129],[128 129 129],[201 201 201],[250 250 250],[250 250 250],[250 250 250],[250 250 250],[250 250 250],[250 250 250],[243 243 243],[164 165 165],[149 149 149],[149 149 149],[149 149 149],[149 149 149],[149 149 149],[138 138 138],[128 129 129],[128 129 129],[128 129 129],[128 129 129],[183 183 183],[253 253 253],[253 253 253],[253 253 253],[253 253 253],[253 253 253],[253 253 253],[253 253 253],[253 253 253],[253 253 253],[253 253 253],[253 253 253],[253 253 253],[253 253 253],[253 253 253],[253 253 253],[253 253 253],[253 253 253],[252 252 252],[247 247 247],[242 242 242],[219 219 219],[187 187 187],[158 158 158],[151 151 151],[143 143 143],[136 136 136],[130 130 130],[124 124 124],[147 147 147],[171 171 171],[196 196 196],[224 224 224]
[245 245 245],[249 249 249],[251 251 251],[252 252 252],[252 252 252],[252 252 252],[252 252 252],[252 252 252],[252 252 252],[252 252 252],[252 252 252],[252 252 252],[252 252 252],[252 252 252],[252 252 252],[252 252 252],[252 252 252],[252 252 252],[252 252 252],[252 252 252],[252 252 252],[166 167 167],[128 129 129],[128 129 129],[128 129 129],[128 129 129],[201 201 201],[250 250 250],[250 250 250],[250 250 250],[250 250 250],[250 250 250],[250 250 250],[250 250 250],[245 245 245],[244 244 244],[244 244 244],[244 244 244],[244 244 244],[244 244 244],[182 183 183],[128 129 129],[128 129 129],[128 129 129],[128 129 129],[183 183 183],[253 253 253],[253 253 253],[253 253 253],[253 253 253],[253 253 253],[253 253 253],[253 253 253],[253 253 253],[253 253 253],[253 253 253],[253 253 253],[253 253 253],[253 253 253],[253 253 253],[253 253 253],[253 253 253],[253 253 253],[253 253 253],[249 249 249],[245 245 245],[223 223 223],[190 190 190],[161 161 161],[153 153 153],[145 145 145],[138 138 138],[131 131 131],[125 125 125],[148 148 148],[171 171 171],[196 196 196],[224 224 224]
[246 246 246],[250 250 250],[252 252 252],[252 252 252],[252 252 252],[252 252 252],[252 252 252],[252 252 252],[252 252 252],[252 252 252],[252 252 252],[252 252 252],[252 252 252],[252 252 252],[252 252 252],[252 252 252],[252 252 252],[252 252 252],[252 252 252],[240 240 240],[169 170 170],[138 139 139],[128 129 129],[128 129 129],[128 129 129],[128 129 129],[201 201 201],[250 250 250],[250 250 250],[250 250 250],[250 250 250],[250 250 250],[250 250 250],[250 250 250],[250 250 250],[250 250 250],[250 250 250],[250 250 250],[250 250 250],[183 183 183],[143 144 144],[128 129 129],[128 129 129],[128 129 129],[128 129 129],[183 183 183],[253 253 253],[253 253 253],[253 253 253],[253 253 253],[253 253 253],[253 253 253],[253 253 253],[253 253 253],[253 253 253],[253 253 253],[253 253 253],[253 253 253],[253 253 253],[253 253 253],[253 253 253],[253 253 253],[253 253 253],[253 253 253],[250 250 250],[248 248 248],[226 226 226],[193 193 193],[163 163 163],[155 155 155],[146 146 146],[139 139 139],[132 132 132],[125 125 125],[148 148 148],[171 171 171],[196 196 196],[224 224 224]
[247 247 247],[251 251 251],[253 253 253],[252 252 252],[252 252 252],[252 252 252],[252 252 252],[252 252 252],[252 252 252],[252 252 252],[252 252 252],[252 252 252],[252 252 252],[252 252 252],[252 252 252],[252 252 252],[252 252 252],[252 252 252],[252 252 252],[235 236 236],[139 140 140],[128 129 129],[128 129 129],[128 129 129],[128 129 129],[128 129 129],[201 201 201],[250 250 250],[250 250 250],[250 250 250],[250 250 250],[250 250 250],[250 250 250],[250 250 250],[250 250 250],[250 250 250],[224 224 224],[187 187 187],[187 187 187],[142 143 143],[128 129 129],[128 129 129],[128 129 129],[128 129 129],[128 129 129],[183 183 183],[253 253 253],[253 253 253],[253 253 253],[253 253 253],[253 253 253],[253 253 253],[253 253 253],[253 253 253],[253 253 253],[253 253 253],[253 253 253],[253 253 253],[253 253 253],[253 253 253],[253 253 253],[253 253 253],[253 253 253],[253 253 253],[251 251 251],[249 249 249],[227 227 227],[195 195 195],[164 164 164],[156 156 156],[147 147 147],[139 139 139],[132 132 132],[124 124 124],[147 147 147],[170 170 170],[195 195 195],[223 223 223]
[249 249 249],[253 253 253],[253 253 253],[253 253 253],[252 252 252],[252 252 252],[252 252 252],[252 252 252],[252 252 252],[252 252 252],[252 252 252],[252 252 252],[252 252 252],[252 252 252],[252 252 252],[252 252 252],[252 252 252],[252 252 252],[252 252 252],[235 236 236],[139 140 140],[128 129 129],[128 129 129],[128 129 129],[128 129 129],[128 129 129],[179 180 180],[227 228 228],[244 244 244],[216 216 216],[214 214 214],[214 214 214],[214 214 214],[214 214 214],[214 214 214],[214 214 214],[179 179 179],[128 129 129],[128 129 129],[128 129 129],[128 129 129],[128 129 129],[128 129 129],[128 129 129],[152 153 153],[203 204 204],[253 253 253],[253 253 253],[253 253 253],[253 253 253],[253 253 253],[253 253 253],[253 253 253],[253 253 253],[253 253 253],[253 253 253],[253 253 253],[253 253 253],[253 253 253],[253 253 253],[253 253 253],[253 253 253],[253 253 253],[253 253 253],[252 252 252],[250 250 250],[228 228 228],[195 195 195],[165 165 165],[156 156 156],[146 146 146],[138 138 138],[131 131 131],[124 124 124],[146 146 146],[169 169 169],[195 195 195],[223 223 223]
[251 251 251],[254 254 254],[254 254 254],[253 253 253],[252 252 252],[252 252 252],[252 252 252],[252 252 252],[252 252 252],[252 252 252],[252 252 252],[252 252 252],[252 252 252],[252 252 252],[252 252 252],[252 252 252],[252 252 252],[252 252 252],[252 252 252],[235 236 236],[139 140 140],[128 129 129],[128 129 129],[128 129 129],[128 129 129],[128 129 129],[128 129 129],[171 172 172],[222 222 222],[134 135 135],[128 129 129],[128 129 129],[128 129 129],[128 129 129],[128 129 129],[128 129 129],[128 129 129],[128 129 129],[128 129 129],[128 129 129],[128 129 129],[128 129 129],[128 129 129],[136 137 137],[213 213 213],[253 253 253],[253 253 253],[253 253 253],[253 253 253],[253 253 253],[253 253 253],[253 253 253],[253 253 253],[253 253 253],[253 253 253],[253 253 253],[253 253 253],[253 253 253],[253 253 253],[253 253 253],[253 253 253],[253 253 253],[253 253 253],[253 253 253],[252 252 252],[250 250 250],[228 228 228],[196 196 196],[165 165 165],[156 156 156],[146 146 146],[138 138 138],[131 131 131],[123 123 123],[145 145 145],[168 168 168],[194 194 194],[222 222 222]
[251 251 251],[254 254 254],[254 254 254],[253 253 253],[252 252 252],[252 252 252],[252 252 252],[252 252 252],[252 252 252],[252 252 252],[252 252 252],[252 252 252],[252 252 252],[252 252 252],[252 252 252],[252 252 252],[252 252 252],[252 252 252],[252 252 252],[235 236 236],[139 140 140],[128 129 129],[128 129 129],[128 129 129],[128 129 129],[128 129 129],[128 129 129],[135 136 136],[142 143 143],[129 130 130],[128 129 129],[128 129 129],[128 129 129],[128 129 129],[128 129 129],[128 129 129],[128 129 129],[128 129 129],[128 129 129],[128 129 129],[128 129 129],[128 129 129],[139 139 139],[221 221 221],[246 246 246],[253 253 253],[253 253 253],[253 253 253],[253 253 253],[253 253 253],[253 253 253],[253 253 253],[253 253 253],[253 253 253],[253 253 253],[253 253 253],[253 253 253],[253 253 253],[253 253 253],[253 253 253],[253 253 253],[253 253 253],[253 253 253],[253 253 253],[251 251 251],[249 249 249],[226 226 226],[194 194 194],[163 163 163],[153 153 153],[143 143 143],[135 135 135],[128 128 128],[120 120 120],[143 143 143],[166 166 166],[192 192 192],[222 222 222]
[252 252 252],[254 254 254],[254 254 254],[253 253 253],[252 252 252],[252 252 252],[252 252 252],[252 252 252],[252 252 252],[252 252 252],[252 252 252],[252 252 252],[252 252 252],[252 252 252],[252 252 252],[252 252 252],[252 252 252],[252 252 252],[252 252 252],[246 246 246],[211 211 211],[152 153 153],[128 129 129],[128 129 129],[128 129 129],[128 129 129],[128 129 129],[128 129 129],[128 129 129],[128 129 129],[128 129 129],[128 129 129],[128 129 129],[128 129 129],[128 129 129],[128 129 129],[128 129 129],[128 129 129],[128 129 129],[128 129 129],[128 129 129],[152 153 153],[210 210 210],[246 246 246],[252 252 252],[253 253 253],[253 253 253],[253 253 253],[253 253 253],[253 253 253],[253 253 253],[253 253 253],[253 253 253],[253 253 253],[253 253 253],[253 253 253],[253 253 253],[253 253 253],[253 253 253],[253 253 253],[253 253 253],[253 253 253],[253 253 253],[252 252 252],[250 250 250],[247 247 247],[225 225 225],[192 192 192],[161 161 161],[151 151 151],[141 141 141],[133 133 133],[126 126 126],[118 118 118],[141 141 141],[165 165 165],[191 191 191],[221 221 221]
[252 252 252],[254 254 254],[254 254 254],[253 253 253],[252 252 252],[252 252 252],[252 252 252],[252 252 252],[252 252 252],[252 252 252],[252 252 252],[252 252 252],[252 252 252],[252 252 252],[252 252 252],[252 252 252],[252 252 252],[252 252 252],[252 252 252],[252 252 252],[252 252 252],[166 167 167],[128 129 129],[128 129 129],[128 129 129],[128 129 129],[128 129 129],[128 129 129],[128 129 129],[128 129 129],[128 129 129],[128 129 129],[128 129 129],[128 129 129],[128 129 129],[128 129 129],[128 129 129],[128 129 129],[128 129 129],[128 129 129],[155 156 156],[201 202 202],[250 250 250],[251 251 251],[252 252 252],[253 253 253],[253 253 253],[253 253 253],[253 253 253],[253 253 253],[253 253 253],[253 253 253],[253 253 253],[253 253 253],[253 253 253],[253 253 253],[253 253 253],[253 253 253],[253 253 253],[253 253 253],[253 253 253],[253 253 253],[253 253 253],[252 252 252],[249 249 249],[246 246 246],[222 222 222],[189 189 189],[158 158 158],[148 148 148],[138 138 138],[130 130 130],[123 123 123],[116 116 116],[139 139 139],[163 163 163],[189 189 189],[221 221 221]
[251 251 251],[253 253 253],[254 254 254],[253 253 253],[252 252 252],[252 252 252],[252 252 252],[252 252 252],[252 252 252],[252 252 252],[252 252 252],[252 252 252],[252 252 252],[252 252 252],[252 252 252],[252 252 252],[252 252 252],[252 252 252],[252 252 252],[252 252 252],[252 252 252],[183 183 183],[152 153 153],[146 147 147],[128 129 129],[128 129 129],[128 129 129],[128 129 129],[128 129 129],[128 129 129],[128 129 129],[128 129 129],[128 129 129],[128 129 129],[128 129 129],[128 129 129],[138 138 138],[152 153 153],[152 153 153],[152 153 153],[205 205 205],[250 250 250],[250 250 250],[251 251 251],[252 252 252],[253 253 253],[253 253 253],[253 253 253],[253 253 253],[253 253 253],[253 253 253],[253 253 253],[253 253 253],[253 253 253],[253 253 253],[253 253 253],[253 253 253],[253 253 253],[253 253 253],[253 253 253],[253 253 253],[253 253 253],[253 253 253],[252 252 252],[247 247 247],[243 243 243],[220 220 220],[187 187 187],[156 156 156],[146 146 146],[136 136 136],[128 128 128],[121 121 121],[113 113 113],[137 137 137],[160 160 160],[187 187 187],[220 220 220]
[250 250 250],[253 253 253],[254 254 254],[253 253 253],[252 252 252],[252 252 252],[252 252 252],[252 252 252],[252 252 252],[252 252 252],[252 252 252],[252 252 252],[252 252 252],[252 252 252],[252 252 252],[252 252 252],[252 252 252],[252 252 252],[252 252 252],[252 252 252],[252 252 252],[250 250 250],[249 249 249],[217 217 217],[128 129 129],[128 129 129],[128 129 129],[128 129 129],[128 129 129],[128 129 129],[128 129 129],[128 129 129],[128 129 129],[128 129 129],[128 129 129],[128 129 129],[177 177 177],[247 247 247],[247 247 247],[247 247 247],[249 249 249],[250 250 250],[250 250 250],[251 251 251],[252 252 252],[253 253 253],[253 253 253],[253 253 253],[253 253 253],[253 253 253],[253 253 253],[253 253 253],[253 253 253],[253 253 253],[253 253 253],[253 253 253],[253 253 253],[253 253 253],[253 253 253],[253 253 253],[253 253 253],[253 253 253],[253 253 253],[252 252 252],[246 246 246],[241 241 241],[217 217 217],[184 184 184],[153 153 153],[143 143 143],[133 133 133],[125 125 125],[118 118 118],[111 111 111],[135 135 135],[158 158 158],[186 186 186],[219 219 219]
[248 248 248],[251 251 251],[252 252 252],[252 252 252],[252 252 252],[252 252 252],[252 252 252],[252 252 252],[252 252 252],[252 252 252],[252 252 252],[252 252 252],[252 252 252],[252 252 252],[252 252 252],[252 252 252],[252 252 252],[252 252 252],[252 252 252],[252 252 252],[252 252 252],[252 252 252],[252 252 252],[243 243 243],[220 221 221],[220 221 221],[220 221 221],[220 221 221],[220 221 221],[220 221 221],[220 221 221],[220 221 221],[220 221 221],[220 221 221],[220 221 221],[220 221 221],[232 232 232],[250 250 250],[250 250 250],[250 250 250],[250 250 250],[250 250 250],[250 250 250],[251 251 251],[252 252 252],[253 253 253],[253 253 253],[253 253 253],[253 253 253],[253 253 253],[253 253 253],[253 253 253],[253 253 253],[253 253 253],[253 253 253],[253 253 253],[253 253 253],[253 253 253],[253 253 253],[253 253 253],[253 253 253],[253 253 253],[253 253 253],[252 252 252],[245 245 245],[239 239 239],[215 215 215],[182 182 182],[151 151 151],[141 141 141],[131 131 131],[123 123 123],[116 116 116],[109 109 109],[133 133 133],[157 157 157],[185 185 185],[218 218 218]
[246 246 246],[249 249 249],[251 251 251],[251 251 251],[252 252 252],[252 252 252],[252 252 252],[252 252 252],[252 252 252],[252 252 252],[252 252 252],[252 252 252],[252 252 252],[252 252 252],[252 252 252],[252 252 252],[252 252 252],[252 252 252],[252 252 252],[252 252 252],[252 252 252],[252 252 252],[252 252 252],[251 251 251],[250 250 250],[250 250 250],[250 250 250],[250 250 250],[250 250 250],[250 250 250],[250 250 250],[250 250 250],[250 250 250],[250 250 250],[250 250 250],[250 250 250],[250 250 250],[250 250 250],[250 250 250],[250 250 250],[250 250 250],[250 250 250],[250 250 250],[251 251 251],[252 252 252],[253 253 253],[253 253 253],[253 253 253],[253 253 253],[253 253 253],[253 253 253],[253 253 253],[253 253 253],[253 253 253],[253 253 253],[253 253 253],[253 253 253],[253 253 253],[253 253 253],[253 253 253],[253 253 253],[253 253 253],[253 253 253],[251 251 251],[244 244 244],[238 238 238],[213 213 213],[180 180 180],[149 149 149],[139 139 139],[129 129 129],[121 121 121],[114 114 114],[107 107 107],[131 131 131],[156 156 156],[184 184 184],[217 217 217]
[244 244 245],[248 249 249],[251 251 251],[251 252 251],[252 252 252],[252 252 252],[252 252 252],[252 252 252],[252 252 252],[252 252 252],[252 252 252],[252 252 252],[252 252 252],[252 253 252],[252 253 252],[252 253 252],[252 253 253],[252 253 253],[252 253 253],[252 253 253],[252 253 253],[252 253 253],[252 253 253],[252 252 252],[251 251 251],[251 251 251],[251 251 251],[251 251 251],[250 251 251],[250 251 250],[250 251 250],[250 250 250],[250 250 250],[250 250 250],[250 250 250],[250 250 250],[250 251 251],[251 251 251],[251 251 251],[251 251 251],[251 251 251],[251 251 251],[251 251 251],[252 252 252],[252 253 253],[253 253 253],[253 253 253],[253 253 253],[253 253 253],[253 253 253],[253 253 253],[253 253 253],[253 253 253],[253 253 253],[253 253 253],[253 253 253],[253 253 253],[253 253 253],[253 253 253],[253 253 253],[253 253 253],[253 253 253],[253 253 253],[251 252 251],[246 246 246],[240 240 240],[215 215 215],[180 180 180],[148 148 148],[139 139 139],[129 130 130],[122 122 122],[115 115 115],[108 108 108],[129 130 129],[152 152 152],[179 180 180],[213 214 213]
[243 243 244],[249 250 250],[252 253 252],[252 253 252],[251 253 252],[251 253 252],[251 253 252],[251 253 252],[251 253 252],[251 253 252],[251 253 252],[252 253 253],[252 253 253],[253 254 253],[253 254 253],[253 254 253],[253 254 254],[253 254 254],[253 254 254],[253 254 254],[253 254 254],[253 254 254],[253 254 254],[253 253 253],[252 253 253],[252 253 253],[252 253 252],[252 253 252],[251 252 252],[251 252 251],[251 252 251],[250 251 251],[249 251 250],[249 251 250],[250 251 251],[250 251 251],[251 252 252],[252 253 252],[252 253 252],[252 253 253],[252 253 253],[252 253 253],[252 253 253],[253 253 253],[253 254 254],[254 254 254],[254 254 254],[254 254 254],[254 254 254],[254 254 254],[254 254 254],[254 254 254],[254 254 254],[254 254 254],[254 254 254],[254 254 254],[254 254 254],[253 254 254],[253 254 254],[253 254 254],[253 254 254],[253 254 254],[252 254 253],[252 253 252],[249 250 250],[247 248 248],[220 221 221],[183 183 183],[147 148 147],[140 141 140],[132 133 133],[125 126 125],[118 119 118],[111 112 111],[128 129 128],[144 146 145],[170 171 171],[205 206 206]
[241 242 243],[250 251 251],[253 255 254],[252 254 253],[251 253 252],[251 253 252],[251 253 252],[251 253 252],[251 253 252],[251 253 252],[251 253 252],[252 254 253],[252 254 253],[253 255 254],[253 255 254],[253 255 254],[254 255 255],[254 255 255],[254 255 255],[254 255 255],[254 255 255],[254 255 255],[254 255 255],[254 255 255],[254 255 255],[254 255 255],[253 255 254],[253 255 254],[252 254 253],[251 253 252],[251 253 252],[250 252 251],[249 251 250],[249 251 250],[250 252 251],[250 252 251],[252 254 253],[253 255 254],[253 255 254],[254 255 255],[254 255 255],[254 255 255],[254 255 255],[254 255 255],[254 255 255],[254 255 255],[254 255 255],[254 255 255],[254 255 255],[254 255 255],[254 255 255],[254 255 255],[254 255 255],[254 255 255],[254 255 255],[254 255 255],[254 255 255],[253 255 254],[253 255 254],[253 255 254],[253 255 254],[253 255 254],[252 254 253],[252 254 253],[253 254 254],[254 255 255],[226 228 227],[185 186 186],[146 148 147],[141 143 142],[135 137 136],[128 130 129],[121 123 122],[114 116 115],[126 128 127],[137 139 138],[161 163 162],[197 199 198]
[240 241 243],[249 250 251],[252 254 254],[251 253 252],[250 252 251],[250 252 251],[250 252 251],[250 252 251],[250 252 251],[250 252 251],[250 252 251],[250 252 251],[250 252 251],[251 253 252],[251 253 252],[251 253 252],[251 252 252],[251 252 252],[251 252 252],[251 252 252],[251 252 252],[251 252 252],[251 252 252],[249 250 250],[247 248 248],[246 248 247],[245 247 246],[245 247 246],[245 247 246],[244 246 245],[244 246 245],[243 245 244],[242 244 243],[243 245 244],[243 245 244],[244 246 245],[246 248 247],[247 249 248],[248 250 249],[249 250 250],[249 251 250],[250 251 251],[250 251 251],[249 250 250],[247 249 248],[246 247 247],[246 247 247],[245 247 246],[245 246 246],[244 246 245],[244 245 245],[243 245 244],[243 244 244],[242 244 243],[242 243 243],[241 243 242],[241 242 242],[239 241 240],[239 241 240],[238 240 239],[238 240 239],[238 240 239],[237 239 238],[237 239 238],[240 241 241],[242 243 243],[217 219 218],[180 181 181],[144 146 145],[142 144 143],[140 142 141],[134 136 135],[126 128 127],[118 120 119],[125 127 126],[131 133 132],[149 151 150],[181 183 182]
[239 240 242],[248 249 251],[251 253 254],[250 252 251],[249 251 250],[249 251 250],[249 251 250],[249 251 250],[249 251 250],[249 251 250],[249 251 250],[248 250 249],[248 250 249],[248 250 249],[248 250 249],[248 250 249],[248 250 249],[248 250 249],[248 250 249],[248 250 249],[248 250 249],[248 250 249],[247 249 248],[243 245 244],[240 241 241],[238 240 239],[237 239 238],[237 239 238],[237 239 238],[236 238 237],[236 238 237],[236 238 237],[235 237 236],[236 238 237],[236 238 237],[238 240 239],[239 241 240],[241 243 242],[242 244 243],[243 245 244],[244 246 245],[245 247 246],[246 247 247],[243 245 244],[240 242 241],[237 239 238],[237 238 238],[236 238 237],[235 237 236],[234 236 235],[234 235 235],[232 234 233],[231 233 232],[230 232 231],[229 231 230],[228 229 229],[227 229 228],[225 227 226],[224 226 225],[223 225 224],[222 224 223],[222 224 223],[221 223 222],[222 224 223],[226 228 227],[229 231 230],[208 210 209],[174 175 175],[142 144 143],[144 146 145],[146 148 147],[141 143 142],[132 134 133],[122 124 123],[123 125 124],[125 127 126],[137 139 138],[164 166 165]
[224 225 227],[232 233 235],[235 236 238],[235 236 236],[234 236 235],[234 236 235],[234 236 235],[234 236 235],[234 236 235],[233 235 234],[233 235 234],[232 234 233],[232 234 233],[232 234 233],[232 234 233],[232 234 233],[231 233 232],[231 233 232],[231 233 232],[230 232 231],[230 232 231],[230 232 231],[229 231 230],[224 226 225],[219 221 220],[217 219 218],[217 219 218],[217 219 218],[217 219 218],[216 218 217],[216 218 217],[216 218 217],[216 218 217],[217 219 218],[217 219 218],[219 221 220],[220 222 221],[222 224 223],[224 226 225],[226 228 227],[227 229 228],[228 230 229],[229 231 230],[226 228 227],[223 225 224],[220 222 221],[219 221 220],[218 220 219],[217 219 218],[216 218 217],[215 217 216],[213 215 214],[211 213 212],[209 211 210],[208 210 209],[206 208 207],[205 207 206],[203 205 204],[202 204 203],[200 202 201],[199 201 200],[199 201 200],[198 200 199],[199 201 200],[205 207 206],[210 212 211],[192 194 193],[162 164 163],[135 137 136],[140 142 141],[146 148 147],[143 145 144],[133 135 134],[122 124 123],[119 121 120],[116 118 117],[124 126 125],[146 148 147]
[184 185 187],[189 190 192],[192 193 195],[195 196 196],[196 198 197],[196 198 197],[196 198 197],[196 198 197],[195 197 196],[195 197 196],[194 196 195],[194 196 195],[193 195 194],[192 194 193],[192 194 193],[191 193 192],[191 193 192],[190 192 191],[189 191 190],[189 191 190],[189 191 190],[188 190 189],[187 189 188],[183 185 184],[178 180 179],[176 178 177],[175 177 176],[175 177 176],[175 177 176],[175 177 176],[175 177 176],[176 178 177],[176 178 177],[177 179 178],[178 180 179],[180 182 181],[182 184 183],[184 186 185],[185 187 186],[187 189 188],[189 191 190],[190 192 191],[191 193 192],[190 192 191],[190 192 191],[188 190 189],[187 189 188],[186 188 187],[185 187 186],[184 186 185],[182 184 183],[180 182 181],[178 180 179],[176 178 177],[175 177 176],[172 174 173],[171 173 172],[169 171 170],[167 169 168],[165 167 166],[164 166 165],[163 165 164],[163 165 164],[164 166 165],[172 174 173],[180 182 181],[166 168 167],[140 142 141],[118 120 119],[128 130 129],[139 141 140],[138 140 139],[128 130 129],[118 120 119],[111 113 112],[104 106 105],[108 110 109],[127 129 128]
[144 145 147],[146 147 149],[149 150 152],[154 155 155],[159 161 160],[159 161 160],[158 160 159],[158 160 159],[157 159 158],[156 158 157],[155 157 156],[155 157 156],[154 156 155],[152 154 153],[151 153 152],[150 152 151],[150 152 151],[149 151 150],[148 150 149],[148 150 149],[148 150 149],[147 149 148],[146 148 147],[142 144 143],[137 139 138],[135 137 136],[134 136 135],[134 136 135],[134 136 135],[134 136 135],[134 136 135],[135 137 136],[136 138 137],[137 139 138],[139 141 140],[141 143 142],[143 145 144],[145 147 146],[147 149 148],[149 151 150],[151 153 152],[152 154 153],[154 156 155],[155 157 156],[156 158 157],[157 159 158],[156 158 157],[155 157 156],[153 155 154],[152 154 153],[150 152 151],[148 150 149],[145 147 146],[143 145 144],[141 143 142],[138 140 139],[136 138 137],[134 136 135],[132 134 133],[130 132 131],[128 130 129],[127 129 128],[127 129 128],[128 130 129],[139 141 140],[149 151 150],[140 142 141],[119 121 120],[102 104 103],[116 118 117],[131 133 132],[133 135 134],[123 125 124],[113 115 114],[102 104 103],[91 93 92],[92 94 93],[107 109 108]
[134 135 137],[131 132 134],[134 135 137],[141 142 142],[148 150 149],[148 150 149],[147 149 148],[147 149 148],[146 148 147],[145 147 146],[144 146 145],[143 145 144],[142 144 143],[140 142 141],[139 141 140],[138 140 139],[137 139 138],[136 138 137],[135 137 136],[134 136 135],[134 136 135],[133 135 134],[132 134 133],[127 129 128],[121 123 122],[119 121 120],[119 121 120],[119 121 120],[119 121 120],[119 121 120],[120 122 121],[121 123 122],[122 124 123],[123 125 124],[125 127 126],[127 129 128],[129 131 130],[131 133 132],[134 136 135],[136 138 137],[138 140 139],[139 141 140],[141 143 142],[142 144 143],[143 145 144],[143 145 144],[142 144 143],[141 143 142],[140 142 141],[139 141 140],[137 139 138],[135 137 136],[133 135 134],[131 133 132],[129 131 130],[127 129 128],[125 127 126],[123 125 124],[122 124 123],[120 122 121],[118 120 119],[117 119 118],[117 119 118],[118 120 119],[126 128 127],[135 137 136],[126 128 127],[106 108 107],[91 93 92],[107 109 108],[124 126 125],[128 130 129],[119 121 120],[111 113 112],[102 104 103],[92 94 93],[93 95 94],[108 110 109]
[130 131 133],[122 123 125],[125 126 128],[134 135 135],[143 145 144],[142 144 143],[141 143 142],[141 143 142],[140 142 141],[139 141 140],[138 140 139],[137 139 138],[135 137 136],[134 136 135],[132 134 133],[131 133 132],[130 132 131],[129 131 130],[128 130 129],[126 128 127],[126 128 127],[125 127 126],[124 126 125],[118 120 119],[111 113 112],[109 111 110],[109 111 110],[109 111 110],[109 111 110],[110 112 111],[111 113 112],[112 114 113],[113 115 114],[114 116 115],[116 118 117],[118 120 119],[121 123 122],[123 125 124],[126 128 127],[128 130 129],[130 132 131],[131 133 132],[133 135 134],[134 136 135],[134 136 135],[134 136 135],[133 135 134],[132 134 133],[131 133 132],[130 132 131],[128 130 129],[127 129 128],[125 127 126],[123 125 124],[122 124 123],[120 122 121],[119 121 120],[117 119 118],[116 118 117],[114 116 115],[113 115 114],[112 114 113],[112 114 113],[112 114 113],[118 120 119],[125 127 126],[114 116 115],[96 98 97],[81 83 82],[ 99 101 100],[117 119 118],[123 125 124],[116 118 117],[111 113 112],[104 106 105],[96 98 97],[ 99 101 100],[115 117 116]
[125 126 128],[114 115 117],[116 117 119],[126 127 127],[135 137 136],[134 136 135],[133 135 134],[133 135 134],[132 134 133],[131 133 132],[130 132 131],[128 130 129],[126 128 127],[125 127 126],[123 125 124],[122 124 123],[121 123 122],[120 122 121],[119 121 120],[117 119 118],[116 118 117],[116 118 117],[115 117 116],[110 112 111],[106 108 107],[104 106 105],[104 106 105],[104 106 105],[105 107 106],[106 108 107],[107 109 108],[108 110 109],[109 111 110],[111 113 112],[113 115 114],[115 117 116],[118 120 119],[120 122 121],[123 125 124],[125 127 126],[127 129 128],[129 131 130],[130 132 131],[132 134 133],[133 135 134],[135 137 136],[134 136 135],[133 135 134],[132 134 133],[131 133 132],[130 132 131],[129 131 130],[129 131 130],[127 129 128],[126 128 127],[124 126 125],[123 125 124],[122 124 123],[122 124 123],[120 122 121],[119 121 120],[118 120 119],[118 120 119],[118 120 119],[120 122 121],[123 125 124],[111 113 112],[92 94 93],[76 78 77],[95 97 96],[114 116 115],[120 122 121],[116 118 117],[112 114 113],[109 111 110],[104 106 105],[109 111 110],[127 129 128]
[117 118 120],[107 108 110],[107 108 110],[115 116 116],[121 123 122],[121 123 122],[120 122 121],[119 121 120],[118 120 119],[117 119 118],[116 118 117],[114 116 115],[113 115 114],[111 113 112],[110 112 111],[109 111 110],[107 109 108],[106 108 107],[105 107 106],[103 105 104],[103 105 104],[102 104 103],[102 104 103],[107 109 108],[112 114 113],[114 116 115],[114 116 115],[114 116 115],[115 117 116],[116 118 117],[117 119 118],[118 120 119],[119 121 120],[121 123 122],[123 125 124],[125 127 126],[128 130 129],[130 132 131],[133 135 134],[135 137 136],[137 139 138],[139 141 140],[140 142 141],[147 149 148],[156 158 157],[164 166 165],[164 166 165],[163 165 164],[163 165 164],[162 164 163],[162 164 163],[161 163 162],[161 163 162],[160 162 161],[160 162 161],[159 161 160],[159 161 160],[159 161 160],[158 160 159],[157 159 158],[157 159 158],[156 158 157],[157 159 158],[155 157 156],[151 153 152],[148 150 149],[131 133 132],[108 110 109],[88 90 89],[104 106 105],[120 122 121],[126 128 127],[124 126 125],[122 124 123],[123 125 124],[123 125 124],[133 135 134],[155 157 156]
[109 110 112],[100 101 103],[ 99 100 102],[103 104 104],[107 109 108],[107 109 108],[106 108 107],[105 107 106],[104 106 105],[103 105 104],[102 104 103],[100 102 101],[ 99 101 100],[97 99 98],[96 98 97],[95 97 96],[93 95 94],[92 94 93],[91 93 92],[89 91 90],[89 91 90],[88 90 89],[90 92 91],[104 106 105],[118 120 119],[125 127 126],[125 127 126],[125 127 126],[126 128 127],[127 129 128],[128 130 129],[129 131 130],[130 132 131],[132 134 133],[134 136 135],[136 138 137],[139 141 140],[141 143 142],[144 146 145],[146 148 147],[148 150 149],[150 152 151],[151 153 152],[162 164 163],[179 181 180],[194 196 195],[194 196 195],[194 196 195],[194 196 195],[194 196 195],[194 196 195],[193 195 194],[194 196 195],[194 196 195],[195 197 196],[195 197 196],[194 196 195],[195 197 196],[195 197 196],[195 197 196],[195 197 196],[195 197 196],[195 197 196],[193 195 194],[183 185 184],[172 174 173],[150 152 151],[123 125 124],[100 102 101],[113 115 114],[126 128 127],[131 133 132],[132 134 133],[131 133 132],[137 139 138],[142 144 143],[157 159 158],[183 185 184]
[143 144 146],[137 138 140],[135 136 138],[136 137 137],[136 138 137],[136 138 137],[135 137 136],[134 136 135],[133 135 134],[132 134 133],[131 133 132],[130 132 131],[129 131 130],[127 129 128],[126 128 127],[125 127 126],[123 125 124],[122 124 123],[121 123 122],[120 122 121],[120 122 121],[119 121 120],[120 122 121],[129 131 130],[138 140 139],[142 144 143],[142 144 143],[142 144 143],[143 145 144],[144 146 145],[144 146 145],[145 147 146],[146 148 147],[148 150 149],[150 152 151],[152 154 153],[155 157 156],[157 159 158],[160 162 161],[162 164 163],[164 166 165],[165 167 166],[167 169 168],[180 182 181],[199 201 200],[216 218 217],[216 218 217],[216 218 217],[216 218 217],[216 218 217],[217 219 218],[217 219 218],[218 219 219],[218 219 219],[218 220 219],[218 220 219],[218 220 219],[219 221 220],[219 221 220],[219 221 220],[219 221 220],[219 221 220],[220 222 221],[217 219 218],[206 208 207],[194 196 195],[169 171 170],[138 140 139],[111 113 112],[120 122 121],[129 131 130],[133 135 134],[134 136 135],[133 135 134],[143 145 144],[152 154 153],[169 171 170],[198 200 199]
